Wavelength (nm)	n (exp.)	k (exp.)
193	0.95343	1.30267
194	0.96091	1.30818
195	0.9682	1.31338
196	0.97527	1.31827
197	0.98213	1.32288
198	0.98875	1.32722
199	0.99513	1.33132
200	1.00125	1.33519
201	1.00711	1.33885
202	1.01271	1.34232
203	1.01804	1.34562
204	1.02309	1.34878
205	1.02786	1.3518
206	1.03235	1.35472
207	1.03657	1.35755
208	1.0405	1.3603
209	1.04415	1.36301
210	1.04754	1.36568
211	1.05065	1.36833
212	1.0535	1.37098
213	1.05608	1.37365
214	1.05842	1.37636
215	1.06051	1.3791
216	1.06237	1.38191
217	1.064	1.38479
218	1.06541	1.38776
219	1.06661	1.39082
220	1.06762	1.39399
221	1.06844	1.39728
222	1.06908	1.40069
223	1.06956	1.40424
224	1.06988	1.40793
225	1.07007	1.41176
226	1.07012	1.41575
227	1.07006	1.4199
228	1.06989	1.42421
229	1.06962	1.42868
230	1.06927	1.43332
231	1.06885	1.43813
232	1.06836	1.44311
233	1.06782	1.44826
234	1.06725	1.45359
235	1.06664	1.45908
236	1.06601	1.46474
237	1.06537	1.47057
238	1.06473	1.47657
239	1.0641	1.48273
240	1.06348	1.48905
241	1.06288	1.49553
242	1.06232	1.50216
243	1.0618	1.50895
244	1.06133	1.51588
245	1.0609	1.52295
246	1.06054	1.53016
247	1.06025	1.5375
248	1.06002	1.54497
249	1.05987	1.55256
250	1.05981	1.56028
251	1.05983	1.5681
252	1.05994	1.57603
253	1.06014	1.58407
254	1.06044	1.5922
255	1.06085	1.60042
256	1.06135	1.60873
257	1.06197	1.61713
258	1.06269	1.62559
259	1.06353	1.63413
260	1.06448	1.64273
261	1.06554	1.65139
262	1.06672	1.66011
263	1.06802	1.66888
264	1.06943	1.67769
265	1.07097	1.68654
266	1.07262	1.69542
267	1.07439	1.70433
268	1.07628	1.71327
269	1.0783	1.72223
270	1.08043	1.7312
271	1.08268	1.74018
272	1.08505	1.74917
273	1.08753	1.75816
274	1.09014	1.76715
275	1.09285	1.77614
276	1.09569	1.78511
277	1.09863	1.79407
278	1.10169	1.80301
279	1.10486	1.81192
280	1.10814	1.82082
281	1.11152	1.82968
282	1.11501	1.83851
283	1.1186	1.8473
284	1.12229	1.85606
285	1.12608	1.86477
286	1.12997	1.87344
287	1.13396	1.88207
288	1.13803	1.89064
289	1.1422	1.89915
290	1.14645	1.90762
291	1.15079	1.91602
292	1.15521	1.92437
293	1.15971	1.93265
294	1.16428	1.94086
295	1.16893	1.94901
296	1.17365	1.9571
297	1.17844	1.96511
298	1.18329	1.97305
299	1.18821	1.98092
300	1.19318	1.98871
301	1.19822	1.99643
302	1.2033	2.00407
303	1.20844	2.01163
304	1.21362	2.01912
305	1.21885	2.02652
306	1.22411	2.03385
307	1.22942	2.0411
308	1.23476	2.04826
309	1.24013	2.05535
310	1.24553	2.06236
311	1.25096	2.06928
312	1.25641	2.07613
313	1.26188	2.08289
314	1.26736	2.08958
315	1.27286	2.09618
316	1.27838	2.10271
317	1.28389	2.10916
318	1.28942	2.11553
319	1.29495	2.12183
320	1.30047	2.12806
321	1.306	2.13421
322	1.31152	2.14029
323	1.31703	2.14629
324	1.32253	2.15223
325	1.32803	2.1581
326	1.3335	2.16391
327	1.33896	2.16965
328	1.34441	2.17533
329	1.34983	2.18095
330	1.35523	2.18651
331	1.36061	2.19202
332	1.36596	2.19747
333	1.37129	2.20287
334	1.37659	2.20822
335	1.38186	2.21352
336	1.38711	2.21878
337	1.39232	2.22399
338	1.3975	2.22917
339	1.40264	2.2343
340	1.40776	2.2394
341	1.41284	2.24446
342	1.41788	2.2495
343	1.4229	2.25451
344	1.42787	2.25949
345	1.43282	2.26444
346	1.43773	2.26937
347	1.4426	2.27428
348	1.44744	2.27918
349	1.45225	2.28406
350	1.45702	2.28893
351	1.46177	2.29378
352	1.46647	2.29863
353	1.47115	2.30347
354	1.4758	2.30831
355	1.48042	2.31314
356	1.48501	2.31797
357	1.48957	2.3228
358	1.4941	2.32763
359	1.49861	2.33247
360	1.5031	2.33731
361	1.50756	2.34216
362	1.512	2.34701
363	1.51642	2.35188
364	1.52082	2.35676
365	1.5252	2.36165
366	1.52957	2.36655
367	1.53393	2.37146
368	1.53827	2.37639
369	1.5426	2.38134
370	1.54692	2.3863
371	1.55123	2.39128
372	1.55553	2.39628
373	1.55984	2.4013
374	1.56414	2.40633
375	1.56843	2.41139
376	1.57273	2.41646
377	1.57703	2.42156
378	1.58133	2.42667
379	1.58564	2.43181
380	1.58995	2.43696
381	1.59428	2.44213
382	1.59861	2.44733
383	1.60295	2.45254
384	1.60731	2.45778
385	1.61168	2.46303
386	1.61607	2.46831
387	1.62048	2.4736
388	1.6249	2.47891
389	1.62935	2.48423
390	1.63381	2.48958
391	1.6383	2.49494
392	1.64282	2.50032
393	1.64736	2.50571
394	1.65193	2.51111
395	1.65652	2.51653
396	1.66115	2.52197
397	1.6658	2.52741
398	1.67049	2.53287
399	1.67521	2.53833
400	1.67997	2.54381
401	1.68476	2.54929
402	1.68958	2.55478
403	1.69444	2.56027
404	1.69934	2.56578
405	1.70428	2.57128
406	1.70925	2.57679
407	1.71427	2.5823
408	1.71932	2.58781
409	1.72442	2.59332
410	1.72956	2.59882
411	1.73474	2.60433
412	1.73996	2.60982
413	1.74523	2.61532
414	1.75054	2.6208
415	1.75589	2.62628
416	1.76129	2.63175
417	1.76673	2.63721
418	1.77222	2.64266
419	1.77775	2.64809
420	1.78333	2.65351
421	1.78895	2.65891
422	1.79462	2.6643
423	1.80034	2.66966
424	1.8061	2.67501
425	1.8119	2.68034
426	1.81775	2.68564
427	1.82365	2.69092
428	1.82959	2.69618
429	1.83558	2.70141
430	1.84161	2.70661
431	1.84768	2.71178
432	1.8538	2.71693
433	1.85997	2.72204
434	1.86618	2.72712
435	1.87243	2.73217
436	1.87872	2.73718
437	1.88506	2.74216
438	1.89144	2.7471
439	1.89786	2.752
440	1.90432	2.75687
441	1.91082	2.76169
442	1.91736	2.76647
443	1.92394	2.77121
444	1.93056	2.7759
445	1.93721	2.78055
446	1.94391	2.78516
447	1.95063	2.78971
448	1.9574	2.79422
449	1.9642	2.79868
450	1.97103	2.80309
451	1.9779	2.80746
452	1.98479	2.81176
453	1.99172	2.81602
454	1.99868	2.82022
455	2.00567	2.82437
456	2.01268	2.82847
457	2.01973	2.83251
458	2.02679	2.83649
459	2.03389	2.84042
460	2.04101	2.84429
461	2.04814	2.8481
462	2.05531	2.85185
463	2.06249	2.85554
464	2.06969	2.85917
465	2.07692	2.86274
466	2.08415	2.86625
467	2.09141	2.8697
468	2.09868	2.87309
469	2.10596	2.87641
470	2.11326	2.87967
471	2.12056	2.88287
472	2.12788	2.886
473	2.1352	2.88907
474	2.14254	2.89208
475	2.14988	2.89502
476	2.15722	2.8979
477	2.16457	2.90071
478	2.17192	2.90346
479	2.17927	2.90615
480	2.18662	2.90877
481	2.19398	2.91132
482	2.20132	2.91381
483	2.20867	2.91624
484	2.21601	2.9186
485	2.22334	2.9209
486	2.23067	2.92313
487	2.23799	2.9253
488	2.2453	2.9274
489	2.25259	2.92944
490	2.25988	2.93142
491	2.26715	2.93334
492	2.2744	2.93519
493	2.28165	2.93698
494	2.28887	2.93871
495	2.29607	2.94037
496	2.30326	2.94198
497	2.31043	2.94352
498	2.31757	2.94501
499	2.32469	2.94644
500	2.33179	2.9478
501	2.33887	2.94911
502	2.34591	2.95037
503	2.35293	2.95156
504	2.35993	2.9527
505	2.36689	2.95378
506	2.37383	2.95481
507	2.38073	2.95579
508	2.38761	2.95671
509	2.39445	2.95758
510	2.40126	2.95839
511	2.40803	2.95916
512	2.41478	2.95988
513	2.42148	2.96055
514	2.42815	2.96116
515	2.43478	2.96174
516	2.44138	2.96226
517	2.44793	2.96274
518	2.45445	2.96318
519	2.46093	2.96357
520	2.46737	2.96392
521	2.47377	2.96422
522	2.48012	2.96449
523	2.48644	2.96472
524	2.49271	2.9649
525	2.49894	2.96505
526	2.50513	2.96517
527	2.51127	2.96524
528	2.51738	2.96529
529	2.52343	2.96529
530	2.52945	2.96527
531	2.53542	2.96521
532	2.54134	2.96512
533	2.54722	2.965
534	2.55305	2.96486
535	2.55884	2.96468
536	2.56459	2.96448
537	2.57028	2.96425
538	2.57593	2.964
539	2.58154	2.96372
540	2.5871	2.96342
541	2.59262	2.9631
542	2.59809	2.96275
543	2.60351	2.96239
544	2.60889	2.962
545	2.61422	2.9616
546	2.61951	2.96118
547	2.62475	2.96075
548	2.62995	2.96029
549	2.6351	2.95982
550	2.6402	2.95934
551	2.64526	2.95885
552	2.65028	2.95834
553	2.65525	2.95782
554	2.66018	2.95729
555	2.66506	2.95676
556	2.66991	2.95621
557	2.6747	2.95565
558	2.67946	2.95509
559	2.68417	2.95452
560	2.68884	2.95394
561	2.69347	2.95336
562	2.69805	2.95277
563	2.7026	2.95218
564	2.7071	2.95158
565	2.71157	2.95099
566	2.71599	2.95039
567	2.72037	2.94979
568	2.72472	2.94918
569	2.72902	2.94858
570	2.73329	2.94798
571	2.73752	2.94738
572	2.74171	2.94678
573	2.74587	2.94618
574	2.74998	2.94558
575	2.75407	2.94499
576	2.75811	2.9444
577	2.76212	2.94382
578	2.7661	2.94324
579	2.77004	2.94266
580	2.77395	2.94209
581	2.77783	2.94152
582	2.78167	2.94096
583	2.78548	2.94041
584	2.78926	2.93986
585	2.793	2.93932
586	2.79672	2.93879
587	2.80041	2.93826
588	2.80406	2.93774
589	2.80769	2.93723
590	2.81129	2.93673
591	2.81486	2.93624
592	2.8184	2.93576
593	2.82191	2.93528
594	2.8254	2.93482
595	2.82886	2.93436
596	2.8323	2.93392
597	2.83571	2.93348
598	2.83909	2.93306
599	2.84245	2.93264
600	2.84579	2.93223
601	2.8491	2.93184
602	2.85239	2.93146
603	2.85566	2.93108
604	2.85891	2.93072
605	2.86213	2.93037
606	2.86533	2.93003
607	2.86851	2.9297
608	2.87167	2.92939
609	2.87481	2.92908
610	2.87794	2.92879
611	2.88104	2.9285
612	2.88412	2.92823
613	2.88719	2.92797
614	2.89024	2.92772
615	2.89327	2.92748
616	2.89628	2.92726
617	2.89928	2.92704
618	2.90226	2.92684
619	2.90522	2.92665
620	2.90817	2.92647
621	2.91111	2.9263
622	2.91403	2.92614
623	2.91693	2.92599
624	2.91982	2.92586
625	2.9227	2.92574
626	2.92556	2.92562
627	2.92841	2.92552
628	2.93125	2.92543
629	2.93408	2.92535
630	2.93689	2.92528
631	2.93969	2.92522
632	2.94248	2.92518
633	2.94526	2.92514
634	2.94803	2.92511
635	2.95079	2.9251
636	2.95353	2.92509
637	2.95627	2.9251
638	2.959	2.92511
639	2.96172	2.92514
640	2.96443	2.92517
641	2.96712	2.92522
642	2.96982	2.92527
643	2.9725	2.92533
644	2.97517	2.92541
645	2.97784	2.92549
646	2.9805	2.92558
647	2.98315	2.92568
648	2.98579	2.92579
649	2.98843	2.92591
650	2.99106	2.92604
651	2.99368	2.92617
652	2.9963	2.92632
653	2.99891	2.92647
654	3.00151	2.92663
655	3.00411	2.9268
656	3.0067	2.92697
657	3.00928	2.92716
658	3.01186	2.92735
659	3.01444	2.92755
660	3.01701	2.92775
661	3.01957	2.92797
662	3.02213	2.92819
663	3.02469	2.92842
664	3.02724	2.92865
665	3.02978	2.92889
666	3.03233	2.92914
667	3.03486	2.92939
668	3.0374	2.92965
669	3.03993	2.92992
670	3.04245	2.93019
671	3.04497	2.93047
672	3.04749	2.93075
673	3.05001	2.93104
674	3.05252	2.93133
675	3.05502	2.93163
676	3.05753	2.93193
677	3.06003	2.93224
678	3.06253	2.93256
679	3.06502	2.93288
680	3.06752	2.9332
681	3.07	2.93353
682	3.07249	2.93386
683	3.07497	2.93419
684	3.07746	2.93453
685	3.07993	2.93488
686	3.08241	2.93523
687	3.08488	2.93558
688	3.08736	2.93593
689	3.08982	2.93629
690	3.09229	2.93665
691	3.09475	2.93702
692	3.09722	2.93739
693	3.09968	2.93776
694	3.10213	2.93813
695	3.10459	2.93851
696	3.10704	2.93889
697	3.10949	2.93927
698	3.11194	2.93965
699	3.11439	2.94004
700	3.11684	2.94042
701	3.11928	2.94081
702	3.12172	2.94121
703	3.12416	2.9416
704	3.1266	2.94199
705	3.12904	2.94239
706	3.13147	2.94279
707	3.1339	2.94319
708	3.13633	2.94359
709	3.13876	2.94399
710	3.14119	2.9444
711	3.14362	2.9448
712	3.14604	2.94521
713	3.14846	2.94561
714	3.15088	2.94602
715	3.1533	2.94643
716	3.15572	2.94683
717	3.15813	2.94724
718	3.16055	2.94765
719	3.16296	2.94806
720	3.16537	2.94847
721	3.16777	2.94888
722	3.17018	2.94929
723	3.17258	2.9497
724	3.17499	2.95011
725	3.17739	2.95051
726	3.17978	2.95092
727	3.18218	2.95133
728	3.18458	2.95174
729	3.18697	2.95215
730	3.18936	2.95255
731	3.19175	2.95296
732	3.19414	2.95336
733	3.19652	2.95377
734	3.19891	2.95417
735	3.20129	2.95458
736	3.20367	2.95498
737	3.20604	2.95538
738	3.20842	2.95578
739	3.21079	2.95618
740	3.21316	2.95657
741	3.21553	2.95697
742	3.2179	2.95736
743	3.22026	2.95776
744	3.22262	2.95815
745	3.22499	2.95854
746	3.22734	2.95893
747	3.2297	2.95932
748	3.23205	2.9597
749	3.2344	2.96009
750	3.23675	2.96047
751	3.2391	2.96085
752	3.24144	2.96123
753	3.24378	2.9616
754	3.24612	2.96198
755	3.24845	2.96235
756	3.25079	2.96272
757	3.25312	2.96309
758	3.25545	2.96346
759	3.25777	2.96382
760	3.2601	2.96419
761	3.26242	2.96455
762	3.26473	2.96491
763	3.26705	2.96526
764	3.26936	2.96562
765	3.27167	2.96597
766	3.27397	2.96632
767	3.27628	2.96666
768	3.27858	2.96701
769	3.28088	2.96735
770	3.28317	2.96769
771	3.28546	2.96803
772	3.28775	2.96836
773	3.29003	2.96869
774	3.29231	2.96902
775	3.29459	2.96935
776	3.29687	2.96968
777	3.29914	2.97
778	3.30141	2.97032
779	3.30368	2.97063
780	3.30594	2.97095
781	3.3082	2.97126
782	3.31045	2.97157
783	3.3127	2.97187
784	3.31495	2.97218
785	3.31719	2.97248
786	3.31944	2.97278
787	3.32167	2.97307
788	3.32391	2.97336
789	3.32614	2.97365
790	3.32836	2.97394
791	3.33059	2.97423
792	3.33281	2.97451
793	3.33502	2.97479
794	3.33723	2.97506
795	3.33944	2.97533
796	3.34165	2.9756
797	3.34385	2.97587
798	3.34604	2.97614
799	3.34823	2.9764
800	3.35042	2.97666
801	3.35261	2.97691
802	3.35479	2.97717
803	3.35696	2.97742
804	3.35913	2.97767
805	3.3613	2.97791
806	3.36346	2.97815
807	3.36562	2.97839
808	3.36778	2.97863
809	3.36993	2.97886
810	3.37207	2.97909
811	3.37421	2.97932
812	3.37635	2.97954
813	3.37848	2.97977
814	3.38061	2.97998
815	3.38274	2.9802
816	3.38485	2.98041
817	3.38697	2.98062
818	3.38908	2.98083
819	3.39119	2.98104
820	3.39329	2.98124
821	3.39538	2.98144
822	3.39748	2.98164
823	3.39956	2.98183
824	3.40164	2.98202
825	3.40372	2.98221
826	3.4058	2.9824
827	3.40786	2.98258
828	3.40993	2.98276
829	3.41199	2.98294
830	3.41404	2.98311
831	3.41609	2.98329
832	3.41813	2.98346
833	3.42017	2.98362
834	3.4222	2.98379
835	3.42423	2.98395
836	3.42626	2.98411
837	3.42827	2.98427
838	3.43029	2.98442
839	3.4323	2.98457
840	3.4343	2.98472
841	3.4363	2.98487
842	3.43829	2.98501
843	3.44028	2.98515
844	3.44226	2.98529
845	3.44424	2.98543
846	3.44621	2.98556
847	3.44818	2.98569
848	3.45014	2.98582
849	3.4521	2.98595
850	3.45405	2.98607
851	3.45599	2.98619
852	3.45793	2.98631
853	3.45987	2.98643
854	3.4618	2.98655
855	3.46372	2.98666
856	3.46564	2.98677
857	3.46755	2.98688
858	3.46946	2.98698
859	3.47136	2.98709
860	3.47326	2.98719
861	3.47515	2.98729
862	3.47704	2.98738
863	3.47892	2.98748
864	3.48079	2.98757
865	3.48266	2.98766
866	3.48452	2.98775
867	3.48638	2.98784
868	3.48823	2.98792
869	3.49008	2.988
870	3.49192	2.98808
871	3.49376	2.98816
872	3.49559	2.98824
873	3.49741	2.98831
874	3.49923	2.98839
875	3.50104	2.98846
876	3.50285	2.98853
877	3.50465	2.98859
878	3.50644	2.98866
879	3.50823	2.98872
880	3.51001	2.98878
881	3.51179	2.98884
882	3.51356	2.9889
883	3.51533	2.98896
884	3.51709	2.98901
885	3.51884	2.98907
886	3.52059	2.98912
887	3.52234	2.98917
888	3.52407	2.98922
889	3.5258	2.98926
890	3.52753	2.98931
891	3.52925	2.98935
892	3.53096	2.98939
893	3.53267	2.98943
894	3.53437	2.98947
895	3.53606	2.98951
896	3.53775	2.98955
897	3.53944	2.98958
898	3.54111	2.98962
899	3.54278	2.98965
900	3.54445	2.98968
901	3.54611	2.98971
902	3.54776	2.98974
903	3.54941	2.98977
904	3.55105	2.98979
905	3.55269	2.98982
906	3.55431	2.98984
907	3.55594	2.98987
908	3.55756	2.98989
909	3.55917	2.98991
910	3.56077	2.98993
911	3.56237	2.98995
912	3.56397	2.98996
913	3.56555	2.98998
914	3.56713	2.99
915	3.56871	2.99001
916	3.57028	2.99002
917	3.57184	2.99004
918	3.5734	2.99005
919	3.57495	2.99006
920	3.57649	2.99007
921	3.57803	2.99008
922	3.57956	2.99009
923	3.58109	2.9901
924	3.58261	2.99011
925	3.58412	2.99011
926	3.58563	2.99012
927	3.58714	2.99012
928	3.58863	2.99013
929	3.59012	2.99014
930	3.59161	2.99014
931	3.59308	2.99014
932	3.59456	2.99015
933	3.59602	2.99015
934	3.59748	2.99015
935	3.59894	2.99015
936	3.60038	2.99015
937	3.60182	2.99015
938	3.60326	2.99016
939	3.60469	2.99016
940	3.60611	2.99016
941	3.60753	2.99016
942	3.60894	2.99015
943	3.61035	2.99015
944	3.61175	2.99015
945	3.61314	2.99015
946	3.61453	2.99015
947	3.61591	2.99015
948	3.61728	2.99015
949	3.61865	2.99015
950	3.62001	2.99014
951	3.62137	2.99014
952	3.62272	2.99014
953	3.62406	2.99014
954	3.6254	2.99014
955	3.62674	2.99014
956	3.62806	2.99014
957	3.62938	2.99014
958	3.6307	2.99013
959	3.63201	2.99013
960	3.63331	2.99013
961	3.63461	2.99013
962	3.6359	2.99013
963	3.63718	2.99013
964	3.63846	2.99013
965	3.63973	2.99013
966	3.641	2.99013
967	3.64226	2.99014
968	3.64351	2.99014
969	3.64476	2.99014
970	3.64601	2.99014
971	3.64724	2.99015
972	3.64847	2.99015
973	3.6497	2.99015
974	3.65092	2.99016
975	3.65213	2.99016
976	3.65334	2.99017
977	3.65454	2.99018
978	3.65574	2.99018
979	3.65693	2.99019
980	3.65811	2.9902
981	3.65929	2.99021
982	3.66046	2.99022
983	3.66163	2.99023
984	3.66279	2.99024
985	3.66394	2.99025
986	3.66509	2.99027
987	3.66623	2.99028
988	3.66737	2.99029
989	3.6685	2.99031
990	3.66963	2.99033
991	3.67075	2.99034
992	3.67186	2.99036
993	3.67297	2.99038
994	3.67408	2.9904
995	3.67517	2.99042
996	3.67626	2.99044
997	3.67735	2.99047
998	3.67843	2.99049
999	3.6795	2.99052
