Wavelength	n	k
193	1.57127	0.00657
194	1.57006	0.00639
195	1.56886	0.00622
196	1.56768	0.00606
197	1.56652	0.0059
198	1.56538	0.00575
199	1.56425	0.0056
200	1.56314	0.00546
201	1.56205	0.00532
202	1.56098	0.00519
203	1.55992	0.00506
204	1.55888	0.00494
205	1.55786	0.00482
206	1.55685	0.0047
207	1.55585	0.00459
208	1.55487	0.00448
209	1.5539	0.00438
210	1.55295	0.00428
211	1.55201	0.00418
212	1.55109	0.00408
213	1.55018	0.00399
214	1.54928	0.0039
215	1.5484	0.00382
216	1.54753	0.00374
217	1.54667	0.00365
218	1.54582	0.00358
219	1.54498	0.0035
220	1.54416	0.00343
221	1.54335	0.00336
222	1.54254	0.00329
223	1.54175	0.00322
224	1.54097	0.00315
225	1.54021	0.00309
226	1.53945	0.00303
227	1.5387	0.00297
228	1.53796	0.00291
229	1.53723	0.00285
230	1.53651	0.0028
231	1.53581	0.00275
232	1.53511	0.00269
233	1.53442	0.00264
234	1.53373	0.0026
235	1.53306	0.00255
236	1.5324	0.0025
237	1.53174	0.00246
238	1.5311	0.00241
239	1.53046	0.00237
240	1.52983	0.00233
241	1.52921	0.00229
242	1.52859	0.00225
243	1.52799	0.00221
244	1.52739	0.00217
245	1.5268	0.00213
246	1.52621	0.0021
247	1.52564	0.00206
248	1.52507	0.00203
249	1.5245	0.00199
250	1.52395	0.00196
251	1.5234	0.00193
252	1.52286	0.0019
253	1.52232	0.00187
254	1.52179	0.00184
255	1.52127	0.00181
256	1.52075	0.00178
257	1.52024	0.00176
258	1.51974	0.00173
259	1.51924	0.0017
260	1.51875	0.00168
261	1.51826	0.00165
262	1.51778	0.00163
263	1.5173	0.0016
264	1.51683	0.00158
265	1.51637	0.00156
266	1.51591	0.00153
267	1.51545	0.00151
268	1.515	0.00149
269	1.51456	0.00147
270	1.51412	0.00145
271	1.51369	0.00143
272	1.51326	0.00141
273	1.51283	0.00139
274	1.51241	0.00137
275	1.512	0.00135
276	1.51159	0.00133
277	1.51118	0.00132
278	1.51078	0.0013
279	1.51038	0.00128
280	1.50999	0.00127
281	1.5096	0.00125
282	1.50922	0.00123
283	1.50884	0.00122
284	1.50846	0.0012
285	1.50809	0.00119
286	1.50772	0.00117
287	1.50736	0.00116
288	1.507	0.00114
289	1.50664	0.00113
290	1.50629	0.00112
291	1.50594	0.0011
292	1.5056	0.00109
293	1.50525	0.00108
294	1.50492	0.00106
295	1.50458	0.00105
296	1.50425	0.00104
297	1.50392	0.00103
298	1.5036	0.00102
299	1.50327	0.001
300	1.50296	9.92E-04
301	1.50264	9.81E-04
302	1.50233	9.70E-04
303	1.50202	9.59E-04
304	1.50172	9.49E-04
305	1.50141	9.38E-04
306	1.50111	9.28E-04
307	1.50082	9.18E-04
308	1.50052	9.08E-04
309	1.50023	8.98E-04
310	1.49995	8.89E-04
311	1.49966	8.79E-04
312	1.49938	8.70E-04
313	1.4991	8.61E-04
314	1.49882	8.52E-04
315	1.49855	8.43E-04
316	1.49828	8.35E-04
317	1.49801	8.26E-04
318	1.49774	8.18E-04
319	1.49748	8.10E-04
320	1.49722	8.02E-04
321	1.49696	7.94E-04
322	1.4967	7.86E-04
323	1.49645	7.78E-04
324	1.4962	7.71E-04
325	1.49595	7.63E-04
326	1.4957	7.56E-04
327	1.49546	7.49E-04
328	1.49521	7.42E-04
329	1.49497	7.35E-04
330	1.49473	7.28E-04
331	1.4945	7.21E-04
332	1.49427	7.14E-04
333	1.49404	7.08E-04
334	1.49381	7.01E-04
335	1.49358	6.95E-04
336	1.49335	6.89E-04
337	1.49313	6.82E-04
338	1.49291	6.76E-04
339	1.49269	6.70E-04
340	1.49247	6.64E-04
341	1.49226	6.58E-04
342	1.49204	6.53E-04
343	1.49183	6.47E-04
344	1.49162	6.41E-04
345	1.49141	6.36E-04
346	1.49121	6.31E-04
347	1.491	6.25E-04
348	1.4908	6.20E-04
349	1.4906	6.15E-04
350	1.4904	6.10E-04
351	1.49021	6.05E-04
352	1.49001	6.00E-04
353	1.48982	5.95E-04
354	1.48962	5.90E-04
355	1.48943	5.85E-04
356	1.48924	5.80E-04
357	1.48906	5.76E-04
358	1.48887	5.71E-04
359	1.48869	5.67E-04
360	1.48851	5.62E-04
361	1.48832	5.58E-04
362	1.48814	5.53E-04
363	1.48797	5.49E-04
364	1.48779	5.45E-04
365	1.48761	5.41E-04
366	1.48744	5.36E-04
367	1.48727	5.32E-04
368	1.4871	5.28E-04
369	1.48693	5.24E-04
370	1.48676	5.21E-04
371	1.48659	5.17E-04
372	1.48643	5.13E-04
373	1.48626	5.09E-04
374	1.4861	5.05E-04
375	1.48594	5.02E-04
376	1.48578	4.98E-04
377	1.48562	4.94E-04
378	1.48546	4.91E-04
379	1.48531	4.87E-04
380	1.48515	4.84E-04
381	1.485	4.81E-04
382	1.48485	4.77E-04
383	1.4847	4.74E-04
384	1.48455	4.71E-04
385	1.4844	4.67E-04
386	1.48425	4.64E-04
387	1.4841	4.61E-04
388	1.48396	4.58E-04
389	1.48381	4.55E-04
390	1.48367	4.52E-04
391	1.48353	4.49E-04
392	1.48339	4.46E-04
393	1.48325	4.43E-04
394	1.48311	4.40E-04
395	1.48297	4.37E-04
396	1.48283	4.34E-04
397	1.4827	4.31E-04
398	1.48256	4.29E-04
399	1.48243	4.26E-04
400	1.4823	4.23E-04
401	1.48216	4.20E-04
402	1.48203	4.18E-04
403	1.4819	4.15E-04
404	1.48178	4.12E-04
405	1.48165	4.10E-04
406	1.48152	4.07E-04
407	1.4814	4.05E-04
408	1.48127	4.02E-04
409	1.48115	4.00E-04
410	1.48102	3.97E-04
411	1.4809	3.95E-04
412	1.48078	3.93E-04
413	1.48066	3.90E-04
414	1.48054	3.88E-04
415	1.48042	3.86E-04
416	1.4803	3.83E-04
417	1.48019	3.81E-04
418	1.48007	3.79E-04
419	1.47995	3.77E-04
420	1.47984	3.75E-04
421	1.47973	3.72E-04
422	1.47961	3.70E-04
423	1.4795	3.68E-04
424	1.47939	3.66E-04
425	1.47928	3.64E-04
426	1.47917	3.62E-04
427	1.47906	3.60E-04
428	1.47895	3.58E-04
429	1.47885	3.56E-04
430	1.47874	3.54E-04
431	1.47863	3.52E-04
432	1.47853	3.50E-04
433	1.47843	3.48E-04
434	1.47832	3.46E-04
435	1.47822	3.44E-04
436	1.47812	3.43E-04
437	1.47801	3.41E-04
438	1.47791	3.39E-04
439	1.47781	3.37E-04
440	1.47771	3.35E-04
441	1.47761	3.34E-04
442	1.47752	3.32E-04
443	1.47742	3.30E-04
444	1.47732	3.28E-04
445	1.47723	3.27E-04
446	1.47713	3.25E-04
447	1.47704	3.23E-04
448	1.47694	3.22E-04
449	1.47685	3.20E-04
450	1.47676	3.18E-04
451	1.47666	3.17E-04
452	1.47657	3.15E-04
453	1.47648	3.14E-04
454	1.47639	3.12E-04
455	1.4763	3.11E-04
456	1.47621	3.09E-04
457	1.47612	3.08E-04
458	1.47604	3.06E-04
459	1.47595	3.05E-04
460	1.47586	3.03E-04
461	1.47578	3.02E-04
462	1.47569	3.00E-04
463	1.4756	2.99E-04
464	1.47552	2.97E-04
465	1.47544	2.96E-04
466	1.47535	2.95E-04
467	1.47527	2.93E-04
468	1.47519	2.92E-04
469	1.4751	2.90E-04
470	1.47502	2.89E-04
471	1.47494	2.88E-04
472	1.47486	2.86E-04
473	1.47478	2.85E-04
474	1.4747	2.84E-04
475	1.47462	2.83E-04
476	1.47455	2.81E-04
477	1.47447	2.80E-04
478	1.47439	2.79E-04
479	1.47431	2.77E-04
480	1.47424	2.76E-04
481	1.47416	2.75E-04
482	1.47409	2.74E-04
483	1.47401	2.73E-04
484	1.47394	2.71E-04
485	1.47386	2.70E-04
486	1.47379	2.69E-04
487	1.47372	2.68E-04
488	1.47364	2.67E-04
489	1.47357	2.66E-04
490	1.4735	2.65E-04
491	1.47343	2.63E-04
492	1.47336	2.62E-04
493	1.47329	2.61E-04
494	1.47321	2.60E-04
495	1.47315	2.59E-04
496	1.47308	2.58E-04
497	1.47301	2.57E-04
498	1.47294	2.56E-04
499	1.47287	2.55E-04
500	1.4728	2.54E-04
501	1.47274	2.53E-04
502	1.47267	2.52E-04
503	1.4726	2.51E-04
504	1.47254	2.50E-04
505	1.47247	2.49E-04
506	1.47241	2.48E-04
507	1.47234	2.47E-04
508	1.47228	2.46E-04
509	1.47221	2.45E-04
510	1.47215	2.44E-04
511	1.47209	2.43E-04
512	1.47202	2.42E-04
513	1.47196	2.41E-04
514	1.4719	2.40E-04
515	1.47184	2.39E-04
516	1.47178	2.38E-04
517	1.47172	2.37E-04
518	1.47165	2.36E-04
519	1.47159	2.35E-04
520	1.47153	2.35E-04
521	1.47147	2.34E-04
522	1.47141	2.33E-04
523	1.47136	2.32E-04
524	1.4713	2.31E-04
525	1.47124	2.30E-04
526	1.47118	2.29E-04
527	1.47112	2.28E-04
528	1.47107	2.28E-04
529	1.47101	2.27E-04
530	1.47095	2.26E-04
531	1.4709	2.25E-04
532	1.47084	2.24E-04
533	1.47079	2.24E-04
534	1.47073	2.23E-04
535	1.47067	2.22E-04
536	1.47062	2.21E-04
537	1.47056	2.20E-04
538	1.47051	2.20E-04
539	1.47046	2.19E-04
540	1.4704	2.18E-04
541	1.47035	2.17E-04
542	1.4703	2.17E-04
543	1.47025	2.16E-04
544	1.47019	2.15E-04
545	1.47014	2.14E-04
546	1.47009	2.14E-04
547	1.47004	2.13E-04
548	1.46999	2.12E-04
549	1.46994	2.11E-04
550	1.46988	2.11E-04
551	1.46983	2.10E-04
552	1.46978	2.09E-04
553	1.46973	2.09E-04
554	1.46968	2.08E-04
555	1.46964	2.07E-04
556	1.46959	2.06E-04
557	1.46954	2.06E-04
558	1.46949	2.05E-04
559	1.46944	2.04E-04
560	1.46939	2.04E-04
561	1.46934	2.03E-04
562	1.4693	2.02E-04
563	1.46925	2.02E-04
564	1.4692	2.01E-04
565	1.46916	2.00E-04
566	1.46911	2.00E-04
567	1.46906	1.99E-04
568	1.46902	1.99E-04
569	1.46897	1.98E-04
570	1.46893	1.97E-04
571	1.46888	1.97E-04
572	1.46884	1.96E-04
573	1.46879	1.95E-04
574	1.46875	1.95E-04
575	1.4687	1.94E-04
576	1.46866	1.94E-04
577	1.46862	1.93E-04
578	1.46857	1.93E-04
579	1.46853	1.92E-04
580	1.46849	1.91E-04
581	1.46844	1.91E-04
582	1.4684	1.90E-04
583	1.46836	1.90E-04
584	1.46831	1.89E-04
585	1.46827	1.88E-04
586	1.46823	1.88E-04
587	1.46819	1.87E-04
588	1.46815	1.87E-04
589	1.46811	1.86E-04
590	1.46807	1.86E-04
591	1.46802	1.85E-04
592	1.46798	1.85E-04
593	1.46794	1.84E-04
594	1.4679	1.84E-04
595	1.46786	1.83E-04
596	1.46782	1.82E-04
597	1.46778	1.82E-04
598	1.46775	1.81E-04
599	1.46771	1.81E-04
600	1.46767	1.80E-04
601	1.46763	1.80E-04
602	1.46759	1.79E-04
603	1.46755	1.79E-04
604	1.46751	1.78E-04
605	1.46747	1.78E-04
606	1.46744	1.77E-04
607	1.4674	1.77E-04
608	1.46736	1.76E-04
609	1.46732	1.76E-04
610	1.46729	1.75E-04
611	1.46725	1.75E-04
612	1.46721	1.74E-04
613	1.46718	1.74E-04
614	1.46714	1.74E-04
615	1.46711	1.73E-04
616	1.46707	1.73E-04
617	1.46703	1.72E-04
618	1.467	1.72E-04
619	1.46696	1.71E-04
620	1.46693	1.71E-04
621	1.46689	1.70E-04
622	1.46686	1.70E-04
623	1.46682	1.69E-04
624	1.46679	1.69E-04
625	1.46675	1.69E-04
626	1.46672	1.68E-04
627	1.46668	1.68E-04
628	1.46665	1.67E-04
629	1.46662	1.67E-04
630	1.46658	1.66E-04
631	1.46655	1.66E-04
632	1.46652	1.65E-04
633	1.46648	1.65E-04
634	1.46645	1.65E-04
635	1.46642	1.64E-04
636	1.46638	1.64E-04
637	1.46635	1.63E-04
638	1.46632	1.63E-04
639	1.46629	1.63E-04
640	1.46626	1.62E-04
641	1.46622	1.62E-04
642	1.46619	1.61E-04
643	1.46616	1.61E-04
644	1.46613	1.61E-04
645	1.4661	1.60E-04
646	1.46607	1.60E-04
647	1.46604	1.59E-04
648	1.466	1.59E-04
649	1.46597	1.59E-04
650	1.46594	1.58E-04
651	1.46591	1.58E-04
652	1.46588	1.57E-04
653	1.46585	1.57E-04
654	1.46582	1.57E-04
655	1.46579	1.56E-04
656	1.46576	1.56E-04
657	1.46573	1.56E-04
658	1.4657	1.55E-04
659	1.46567	1.55E-04
660	1.46564	1.55E-04
661	1.46561	1.54E-04
662	1.46559	1.54E-04
663	1.46556	1.53E-04
664	1.46553	1.53E-04
665	1.4655	1.53E-04
666	1.46547	1.52E-04
667	1.46544	1.52E-04
668	1.46541	1.52E-04
669	1.46539	1.51E-04
670	1.46536	1.51E-04
671	1.46533	1.51E-04
672	1.4653	1.50E-04
673	1.46528	1.50E-04
674	1.46525	1.50E-04
675	1.46522	1.49E-04
676	1.46519	1.49E-04
677	1.46517	1.49E-04
678	1.46514	1.48E-04
679	1.46511	1.48E-04
680	1.46509	1.48E-04
681	1.46506	1.47E-04
682	1.46503	1.47E-04
683	1.46501	1.47E-04
684	1.46498	1.46E-04
685	1.46495	1.46E-04
686	1.46493	1.46E-04
687	1.4649	1.45E-04
688	1.46488	1.45E-04
689	1.46485	1.45E-04
690	1.46483	1.44E-04
691	1.4648	1.44E-04
692	1.46477	1.44E-04
693	1.46475	1.44E-04
694	1.46472	1.43E-04
695	1.4647	1.43E-04
696	1.46467	1.43E-04
697	1.46465	1.42E-04
698	1.46462	1.42E-04
699	1.4646	1.42E-04
700	1.46458	1.41E-04
701	1.46455	1.41E-04
702	1.46453	1.41E-04
703	1.4645	1.41E-04
704	1.46448	1.40E-04
705	1.46445	1.40E-04
706	1.46443	1.40E-04
707	1.46441	1.39E-04
708	1.46438	1.39E-04
709	1.46436	1.39E-04
710	1.46434	1.39E-04
711	1.46431	1.38E-04
712	1.46429	1.38E-04
713	1.46427	1.38E-04
714	1.46424	1.37E-04
715	1.46422	1.37E-04
716	1.4642	1.37E-04
717	1.46417	1.37E-04
718	1.46415	1.36E-04
719	1.46413	1.36E-04
720	1.46411	1.36E-04
721	1.46408	1.36E-04
722	1.46406	1.35E-04
723	1.46404	1.35E-04
724	1.46402	1.35E-04
725	1.464	1.34E-04
726	1.46397	1.34E-04
727	1.46395	1.34E-04
728	1.46393	1.34E-04
729	1.46391	1.33E-04
730	1.46389	1.33E-04
731	1.46387	1.33E-04
732	1.46384	1.33E-04
733	1.46382	1.32E-04
734	1.4638	1.32E-04
735	1.46378	1.32E-04
736	1.46376	1.32E-04
737	1.46374	1.31E-04
738	1.46372	1.31E-04
739	1.4637	1.31E-04
740	1.46368	1.31E-04
741	1.46365	1.30E-04
742	1.46363	1.30E-04
743	1.46361	1.30E-04
744	1.46359	1.30E-04
745	1.46357	1.29E-04
746	1.46355	1.29E-04
747	1.46353	1.29E-04
748	1.46351	1.29E-04
749	1.46349	1.29E-04
750	1.46347	1.28E-04
751	1.46345	1.28E-04
752	1.46343	1.28E-04
753	1.46341	1.28E-04
754	1.46339	1.27E-04
755	1.46338	1.27E-04
756	1.46336	1.27E-04
757	1.46334	1.27E-04
758	1.46332	1.26E-04
759	1.4633	1.26E-04
760	1.46328	1.26E-04
761	1.46326	1.26E-04
762	1.46324	1.26E-04
763	1.46322	1.25E-04
764	1.4632	1.25E-04
765	1.46318	1.25E-04
766	1.46317	1.25E-04
767	1.46315	1.24E-04
768	1.46313	1.24E-04
769	1.46311	1.24E-04
770	1.46309	1.24E-04
771	1.46307	1.24E-04
772	1.46306	1.23E-04
773	1.46304	1.23E-04
774	1.46302	1.23E-04
775	1.463	1.23E-04
776	1.46298	1.23E-04
777	1.46297	1.22E-04
778	1.46295	1.22E-04
779	1.46293	1.22E-04
780	1.46291	1.22E-04
781	1.46289	1.22E-04
782	1.46288	1.21E-04
783	1.46286	1.21E-04
784	1.46284	1.21E-04
785	1.46282	1.21E-04
786	1.46281	1.21E-04
787	1.46279	1.20E-04
788	1.46277	1.20E-04
789	1.46276	1.20E-04
790	1.46274	1.20E-04
791	1.46272	1.20E-04
792	1.4627	1.19E-04
793	1.46269	1.19E-04
794	1.46267	1.19E-04
795	1.46265	1.19E-04
796	1.46264	1.19E-04
797	1.46262	1.18E-04
798	1.4626	1.18E-04
799	1.46259	1.18E-04
800	1.46257	1.18E-04
801	1.46256	1.18E-04
802	1.46254	1.17E-04
803	1.46252	1.17E-04
804	1.46251	1.17E-04
805	1.46249	1.17E-04
806	1.46247	1.17E-04
807	1.46246	1.17E-04
808	1.46244	1.16E-04
809	1.46243	1.16E-04
810	1.46241	1.16E-04
811	1.46239	1.16E-04
812	1.46238	1.16E-04
813	1.46236	1.15E-04
814	1.46235	1.15E-04
815	1.46233	1.15E-04
816	1.46232	1.15E-04
817	1.4623	1.15E-04
818	1.46229	1.15E-04
819	1.46227	1.14E-04
820	1.46226	1.14E-04
821	1.46224	1.14E-04
822	1.46223	1.14E-04
823	1.46221	1.14E-04
824	1.4622	1.14E-04
825	1.46218	1.13E-04
826	1.46217	1.13E-04
827	1.46215	1.13E-04
828	1.46214	1.13E-04
829	1.46212	1.13E-04
830	1.46211	1.12E-04
831	1.46209	1.12E-04
832	1.46208	1.12E-04
833	1.46206	1.12E-04
834	1.46205	1.12E-04
835	1.46204	1.12E-04
836	1.46202	1.11E-04
837	1.46201	1.11E-04
838	1.46199	1.11E-04
839	1.46198	1.11E-04
840	1.46196	1.11E-04
841	1.46195	1.11E-04
842	1.46194	1.11E-04
843	1.46192	1.10E-04
844	1.46191	1.10E-04
845	1.46189	1.10E-04
846	1.46188	1.10E-04
847	1.46187	1.10E-04
848	1.46185	1.10E-04
849	1.46184	1.09E-04
850	1.46182	1.09E-04
851	1.46181	1.09E-04
852	1.4618	1.09E-04
853	1.46178	1.09E-04
854	1.46177	1.09E-04
855	1.46176	1.09E-04
856	1.46174	1.08E-04
857	1.46173	1.08E-04
858	1.46172	1.08E-04
859	1.4617	1.08E-04
860	1.46169	1.08E-04
861	1.46168	1.08E-04
862	1.46166	1.07E-04
863	1.46165	1.07E-04
864	1.46164	1.07E-04
865	1.46163	1.07E-04
866	1.46161	1.07E-04
867	1.4616	1.07E-04
868	1.46159	1.07E-04
869	1.46157	1.06E-04
870	1.46156	1.06E-04
871	1.46155	1.06E-04
872	1.46154	1.06E-04
873	1.46152	1.06E-04
874	1.46151	1.06E-04
875	1.4615	1.06E-04
876	1.46149	1.05E-04
877	1.46147	1.05E-04
878	1.46146	1.05E-04
879	1.46145	1.05E-04
880	1.46144	1.05E-04
881	1.46142	1.05E-04
882	1.46141	1.05E-04
883	1.4614	1.04E-04
884	1.46139	1.04E-04
885	1.46138	1.04E-04
886	1.46136	1.04E-04
887	1.46135	1.04E-04
888	1.46134	1.04E-04
889	1.46133	1.04E-04
890	1.46132	1.04E-04
891	1.4613	1.03E-04
892	1.46129	1.03E-04
893	1.46128	1.03E-04
894	1.46127	1.03E-04
895	1.46126	1.03E-04
896	1.46124	1.03E-04
897	1.46123	1.03E-04
898	1.46122	1.02E-04
899	1.46121	1.02E-04
900	1.4612	1.02E-04
901	1.46119	1.02E-04
902	1.46118	1.02E-04
903	1.46117	1.02E-04
904	1.46115	1.02E-04
905	1.46114	1.02E-04
906	1.46113	1.01E-04
907	1.46112	1.01E-04
908	1.46111	1.01E-04
909	1.4611	1.01E-04
910	1.46109	1.01E-04
911	1.46107	1.01E-04
912	1.46106	1.01E-04
913	1.46105	1.01E-04
914	1.46104	1.00E-04
915	1.46103	1.00E-04
916	1.46102	1.00E-04
917	1.46101	1.00E-04
918	1.461	1.00E-04
919	1.46099	1.00E-04
920	1.46098	1.00E-04
921	1.46097	1.00E-04
922	1.46096	9.90E-05
923	1.46094	9.90E-05
924	1.46093	9.90E-05
925	1.46092	9.90E-05
926	1.46091	9.90E-05
927	1.4609	9.90E-05
928	1.46089	9.90E-05
929	1.46088	9.90E-05
930	1.46087	9.90E-05
931	1.46086	9.80E-05
932	1.46085	9.80E-05
933	1.46084	9.80E-05
934	1.46083	9.80E-05
935	1.46082	9.80E-05
936	1.46081	9.80E-05
937	1.4608	9.80E-05
938	1.46079	9.80E-05
939	1.46078	9.70E-05
940	1.46077	9.70E-05
941	1.46076	9.70E-05
942	1.46075	9.70E-05
943	1.46074	9.70E-05
944	1.46073	9.70E-05
945	1.46072	9.70E-05
946	1.46071	9.70E-05
947	1.4607	9.70E-05
948	1.46069	9.60E-05
949	1.46068	9.60E-05
950	1.46067	9.60E-05
951	1.46066	9.60E-05
952	1.46065	9.60E-05
953	1.46064	9.60E-05
954	1.46063	9.60E-05
955	1.46062	9.60E-05
956	1.46061	9.60E-05
957	1.4606	9.60E-05
958	1.46059	9.50E-05
959	1.46058	9.50E-05
960	1.46057	9.50E-05
961	1.46056	9.50E-05
962	1.46056	9.50E-05
963	1.46055	9.50E-05
964	1.46054	9.50E-05
965	1.46053	9.50E-05
966	1.46052	9.50E-05
967	1.46051	9.40E-05
968	1.4605	9.40E-05
969	1.46049	9.40E-05
970	1.46048	9.40E-05
971	1.46047	9.40E-05
972	1.46046	9.40E-05
973	1.46045	9.40E-05
974	1.46044	9.40E-05
975	1.46043	9.40E-05
976	1.46043	9.40E-05
977	1.46042	9.30E-05
978	1.46041	9.30E-05
979	1.4604	9.30E-05
980	1.46039	9.30E-05
981	1.46038	9.30E-05
982	1.46037	9.30E-05
983	1.46036	9.30E-05
984	1.46036	9.30E-05
985	1.46035	9.30E-05
986	1.46034	9.30E-05
987	1.46033	9.20E-05
988	1.46032	9.20E-05
989	1.46031	9.20E-05
990	1.4603	9.20E-05
991	1.46029	9.20E-05
992	1.46029	9.20E-05
993	1.46028	9.20E-05
994	1.46027	9.20E-05
995	1.46026	9.20E-05
996	1.46025	9.20E-05
997	1.46024	9.20E-05
998	1.46023	9.10E-05
999	1.46023	9.10E-05
1000	1.46022	9.10E-05
1001	1.46021	9.10E-05
1002	1.4602	9.10E-05
1003	1.46019	9.10E-05
1004	1.46018	9.10E-05
1005	1.46018	9.10E-05
1006	1.46017	9.10E-05
1007	1.46016	9.10E-05
1008	1.46015	9.00E-05
1009	1.46014	9.00E-05
1010	1.46014	9.00E-05
1011	1.46013	9.00E-05
1012	1.46012	9.00E-05
1013	1.46011	9.00E-05
1014	1.4601	9.00E-05
1015	1.46009	9.00E-05
1016	1.46009	9.00E-05
1017	1.46008	9.00E-05
1018	1.46007	9.00E-05
1019	1.46006	9.00E-05
1020	1.46006	8.90E-05
1021	1.46005	8.90E-05
1022	1.46004	8.90E-05
1023	1.46003	8.90E-05
1024	1.46002	8.90E-05
1025	1.46002	8.90E-05
1026	1.46001	8.90E-05
1027	1.46	8.90E-05
1028	1.45999	8.90E-05
1029	1.45999	8.90E-05
1030	1.45998	8.90E-05
1031	1.45997	8.80E-05
1032	1.45996	8.80E-05
1033	1.45995	8.80E-05
1034	1.45995	8.80E-05
1035	1.45994	8.80E-05
1036	1.45993	8.80E-05
1037	1.45992	8.80E-05
1038	1.45992	8.80E-05
1039	1.45991	8.80E-05
1040	1.4599	8.80E-05
1041	1.45989	8.80E-05
1042	1.45989	8.80E-05
1043	1.45988	8.70E-05
1044	1.45987	8.70E-05
1045	1.45987	8.70E-05
1046	1.45986	8.70E-05
1047	1.45985	8.70E-05
1048	1.45984	8.70E-05
1049	1.45984	8.70E-05
1050	1.45983	8.70E-05
1051	1.45982	8.70E-05
1052	1.45981	8.70E-05
1053	1.45981	8.70E-05
1054	1.4598	8.70E-05
1055	1.45979	8.60E-05
1056	1.45979	8.60E-05
1057	1.45978	8.60E-05
1058	1.45977	8.60E-05
1059	1.45977	8.60E-05
1060	1.45976	8.60E-05
1061	1.45975	8.60E-05
1062	1.45974	8.60E-05
1063	1.45974	8.60E-05
1064	1.45973	8.60E-05
1065	1.45972	8.60E-05
1066	1.45972	8.60E-05
1067	1.45971	8.60E-05
1068	1.4597	8.50E-05
1069	1.4597	8.50E-05
1070	1.45969	8.50E-05
1071	1.45968	8.50E-05
1072	1.45968	8.50E-05
1073	1.45967	8.50E-05
1074	1.45966	8.50E-05
1075	1.45965	8.50E-05
1076	1.45965	8.50E-05
1077	1.45964	8.50E-05
1078	1.45963	8.50E-05
1079	1.45963	8.50E-05
1080	1.45962	8.50E-05
1081	1.45961	8.40E-05
1082	1.45961	8.40E-05
1083	1.4596	8.40E-05
1084	1.4596	8.40E-05
1085	1.45959	8.40E-05
1086	1.45958	8.40E-05
1087	1.45958	8.40E-05
1088	1.45957	8.40E-05
1089	1.45956	8.40E-05
1090	1.45956	8.40E-05
1091	1.45955	8.40E-05
1092	1.45954	8.40E-05
1093	1.45954	8.40E-05
1094	1.45953	8.40E-05
1095	1.45952	8.30E-05
1096	1.45952	8.30E-05
1097	1.45951	8.30E-05
1098	1.45951	8.30E-05
1099	1.4595	8.30E-05
1100	1.45949	8.30E-05
1101	1.45949	8.30E-05
1102	1.45948	8.30E-05
1103	1.45947	8.30E-05
1104	1.45947	8.30E-05
1105	1.45946	8.30E-05
1106	1.45945	8.30E-05
1107	1.45945	8.30E-05
1108	1.45944	8.30E-05
1109	1.45944	8.30E-05
1110	1.45943	8.20E-05
1111	1.45942	8.20E-05
1112	1.45942	8.20E-05
1113	1.45941	8.20E-05
1114	1.45941	8.20E-05
1115	1.4594	8.20E-05
1116	1.45939	8.20E-05
1117	1.45939	8.20E-05
1118	1.45938	8.20E-05
1119	1.45938	8.20E-05
1120	1.45937	8.20E-05
1121	1.45936	8.20E-05
1122	1.45936	8.20E-05
1123	1.45935	8.20E-05
1124	1.45935	8.10E-05
1125	1.45934	8.10E-05
1126	1.45933	8.10E-05
1127	1.45933	8.10E-05
1128	1.45932	8.10E-05
1129	1.45932	8.10E-05
1130	1.45931	8.10E-05
1131	1.45931	8.10E-05
1132	1.4593	8.10E-05
1133	1.45929	8.10E-05
1134	1.45929	8.10E-05
1135	1.45928	8.10E-05
1136	1.45928	8.10E-05
1137	1.45927	8.10E-05
1138	1.45927	8.10E-05
1139	1.45926	8.10E-05
1140	1.45925	8.00E-05
1141	1.45925	8.00E-05
1142	1.45924	8.00E-05
1143	1.45924	8.00E-05
1144	1.45923	8.00E-05
1145	1.45923	8.00E-05
1146	1.45922	8.00E-05
1147	1.45921	8.00E-05
1148	1.45921	8.00E-05
1149	1.4592	8.00E-05
1150	1.4592	8.00E-05
1151	1.45919	8.00E-05
1152	1.45919	8.00E-05
1153	1.45918	8.00E-05
1154	1.45918	8.00E-05
1155	1.45917	8.00E-05
1156	1.45917	7.90E-05
1157	1.45916	7.90E-05
1158	1.45916	7.90E-05
1159	1.45915	7.90E-05
1160	1.45914	7.90E-05
1161	1.45914	7.90E-05
1162	1.45913	7.90E-05
1163	1.45913	7.90E-05
1164	1.45912	7.90E-05
1165	1.45912	7.90E-05
1166	1.45911	7.90E-05
1167	1.45911	7.90E-05
1168	1.4591	7.90E-05
1169	1.4591	7.90E-05
1170	1.45909	7.90E-05
1171	1.45909	7.90E-05
1172	1.45908	7.90E-05
1173	1.45907	7.80E-05
1174	1.45907	7.80E-05
1175	1.45907	7.80E-05
1176	1.45906	7.80E-05
1177	1.45906	7.80E-05
1178	1.45905	7.80E-05
1179	1.45904	7.80E-05
1180	1.45904	7.80E-05
1181	1.45903	7.80E-05
1182	1.45903	7.80E-05
1183	1.45902	7.80E-05
1184	1.45902	7.80E-05
1185	1.45901	7.80E-05
1186	1.45901	7.80E-05
1187	1.459	7.80E-05
1188	1.459	7.80E-05
1189	1.45899	7.80E-05
1190	1.45899	7.70E-05
1191	1.45898	7.70E-05
1192	1.45898	7.70E-05
1193	1.45897	7.70E-05
1194	1.45897	7.70E-05
1195	1.45896	7.70E-05
1196	1.45896	7.70E-05
1197	1.45896	7.70E-05
1198	1.45895	7.70E-05
1199	1.45894	7.70E-05
1200	1.45894	7.70E-05
1201	1.45894	7.70E-05
1202	1.45893	7.70E-05
1203	1.45893	7.70E-05
1204	1.45892	7.70E-05
1205	1.45892	7.70E-05
1206	1.45891	7.70E-05
1207	1.45891	7.70E-05
1208	1.4589	7.60E-05
1209	1.4589	7.60E-05
1210	1.45889	7.60E-05
1211	1.45889	7.60E-05
1212	1.45888	7.60E-05
1213	1.45888	7.60E-05
1214	1.45887	7.60E-05
1215	1.45887	7.60E-05
1216	1.45886	7.60E-05
1217	1.45886	7.60E-05
1218	1.45886	7.60E-05
1219	1.45885	7.60E-05
1220	1.45885	7.60E-05
1221	1.45884	7.60E-05
1222	1.45884	7.60E-05
1223	1.45883	7.60E-05
1224	1.45883	7.60E-05
1225	1.45882	7.60E-05
1226	1.45882	7.60E-05
1227	1.45881	7.60E-05
1228	1.45881	7.50E-05
1229	1.4588	7.50E-05
1230	1.4588	7.50E-05
1231	1.4588	7.50E-05
1232	1.45879	7.50E-05
1233	1.45879	7.50E-05
1234	1.45878	7.50E-05
1235	1.45878	7.50E-05
1236	1.45877	7.50E-05
1237	1.45877	7.50E-05
1238	1.45877	7.50E-05
1239	1.45876	7.50E-05
1240	1.45876	7.50E-05
1241	1.45875	7.50E-05
1242	1.45875	7.50E-05
1243	1.45874	7.50E-05
1244	1.45874	7.50E-05
1245	1.45873	7.50E-05
1246	1.45873	7.50E-05
1247	1.45873	7.40E-05
1248	1.45872	7.40E-05
1249	1.45872	7.40E-05
1250	1.45871	7.40E-05
1251	1.45871	7.40E-05
1252	1.4587	7.40E-05
1253	1.4587	7.40E-05
1254	1.4587	7.40E-05
1255	1.45869	7.40E-05
1256	1.45869	7.40E-05
1257	1.45868	7.40E-05
1258	1.45868	7.40E-05
1259	1.45867	7.40E-05
1260	1.45867	7.40E-05
1261	1.45867	7.40E-05
1262	1.45866	7.40E-05
1263	1.45866	7.40E-05
1264	1.45865	7.40E-05
1265	1.45865	7.40E-05
1266	1.45865	7.40E-05
1267	1.45864	7.40E-05
1268	1.45864	7.30E-05
1269	1.45863	7.30E-05
1270	1.45863	7.30E-05
1271	1.45863	7.30E-05
1272	1.45862	7.30E-05
1273	1.45862	7.30E-05
1274	1.45861	7.30E-05
1275	1.45861	7.30E-05
1276	1.4586	7.30E-05
1277	1.4586	7.30E-05
1278	1.4586	7.30E-05
1279	1.45859	7.30E-05
1280	1.45859	7.30E-05
1281	1.45859	7.30E-05
1282	1.45858	7.30E-05
1283	1.45858	7.30E-05
1284	1.45857	7.30E-05
1285	1.45857	7.30E-05
1286	1.45856	7.30E-05
1287	1.45856	7.30E-05
1288	1.45856	7.30E-05
1289	1.45855	7.30E-05
1290	1.45855	7.20E-05
1291	1.45855	7.20E-05
1292	1.45854	7.20E-05
1293	1.45854	7.20E-05
1294	1.45853	7.20E-05
1295	1.45853	7.20E-05
1296	1.45853	7.20E-05
1297	1.45852	7.20E-05
1298	1.45852	7.20E-05
1299	1.45852	7.20E-05
1300	1.45851	7.20E-05
1301	1.45851	7.20E-05
1302	1.4585	7.20E-05
1303	1.4585	7.20E-05
1304	1.4585	7.20E-05
1305	1.45849	7.20E-05
1306	1.45849	7.20E-05
1307	1.45849	7.20E-05
1308	1.45848	7.20E-05
1309	1.45848	7.20E-05
1310	1.45847	7.20E-05
1311	1.45847	7.20E-05
1312	1.45847	7.20E-05
1313	1.45846	7.10E-05
1314	1.45846	7.10E-05
1315	1.45846	7.10E-05
1316	1.45845	7.10E-05
1317	1.45845	7.10E-05
1318	1.45844	7.10E-05
1319	1.45844	7.10E-05
1320	1.45844	7.10E-05
1321	1.45843	7.10E-05
1322	1.45843	7.10E-05
1323	1.45843	7.10E-05
1324	1.45842	7.10E-05
1325	1.45842	7.10E-05
1326	1.45842	7.10E-05
1327	1.45841	7.10E-05
1328	1.45841	7.10E-05
1329	1.4584	7.10E-05
1330	1.4584	7.10E-05
1331	1.4584	7.10E-05
1332	1.45839	7.10E-05
1333	1.45839	7.10E-05
1334	1.45839	7.10E-05
1335	1.45838	7.10E-05
1336	1.45838	7.10E-05
1337	1.45838	7.00E-05
1338	1.45837	7.00E-05
1339	1.45837	7.00E-05
1340	1.45836	7.00E-05
1341	1.45836	7.00E-05
1342	1.45836	7.00E-05
1343	1.45836	7.00E-05
1344	1.45835	7.00E-05
1345	1.45835	7.00E-05
1346	1.45835	7.00E-05
1347	1.45834	7.00E-05
1348	1.45834	7.00E-05
1349	1.45833	7.00E-05
1350	1.45833	7.00E-05
1351	1.45833	7.00E-05
1352	1.45832	7.00E-05
1353	1.45832	7.00E-05
1354	1.45832	7.00E-05
1355	1.45831	7.00E-05
1356	1.45831	7.00E-05
1357	1.45831	7.00E-05
1358	1.4583	7.00E-05
1359	1.4583	7.00E-05
1360	1.4583	7.00E-05
1361	1.45829	7.00E-05
1362	1.45829	7.00E-05
1363	1.45829	6.90E-05
1364	1.45828	6.90E-05
1365	1.45828	6.90E-05
1366	1.45828	6.90E-05
1367	1.45827	6.90E-05
1368	1.45827	6.90E-05
1369	1.45827	6.90E-05
1370	1.45826	6.90E-05
1371	1.45826	6.90E-05
1372	1.45826	6.90E-05
1373	1.45826	6.90E-05
1374	1.45825	6.90E-05
1375	1.45825	6.90E-05
1376	1.45825	6.90E-05
1377	1.45824	6.90E-05
1378	1.45824	6.90E-05
1379	1.45824	6.90E-05
1380	1.45823	6.90E-05
1381	1.45823	6.90E-05
1382	1.45823	6.90E-05
1383	1.45822	6.90E-05
1384	1.45822	6.90E-05
1385	1.45822	6.90E-05
1386	1.45821	6.90E-05
1387	1.45821	6.90E-05
1388	1.45821	6.90E-05
1389	1.4582	6.90E-05
1390	1.4582	6.80E-05
1391	1.4582	6.80E-05
1392	1.45819	6.80E-05
1393	1.45819	6.80E-05
1394	1.45819	6.80E-05
1395	1.45819	6.80E-05
1396	1.45818	6.80E-05
1397	1.45818	6.80E-05
1398	1.45818	6.80E-05
1399	1.45817	6.80E-05
1400	1.45817	6.80E-05
1401	1.45817	6.80E-05
1402	1.45816	6.80E-05
1403	1.45816	6.80E-05
1404	1.45816	6.80E-05
1405	1.45816	6.80E-05
1406	1.45815	6.80E-05
1407	1.45815	6.80E-05
1408	1.45815	6.80E-05
1409	1.45814	6.80E-05
1410	1.45814	6.80E-05
1411	1.45814	6.80E-05
1412	1.45813	6.80E-05
1413	1.45813	6.80E-05
1414	1.45813	6.80E-05
1415	1.45812	6.80E-05
1416	1.45812	6.80E-05
1417	1.45812	6.80E-05
1418	1.45812	6.70E-05
1419	1.45811	6.70E-05
1420	1.45811	6.70E-05
1421	1.45811	6.70E-05
1422	1.45811	6.70E-05
1423	1.4581	6.70E-05
1424	1.4581	6.70E-05
1425	1.4581	6.70E-05
1426	1.45809	6.70E-05
1427	1.45809	6.70E-05
1428	1.45809	6.70E-05
1429	1.45809	6.70E-05
1430	1.45808	6.70E-05
1431	1.45808	6.70E-05
1432	1.45808	6.70E-05
1433	1.45807	6.70E-05
1434	1.45807	6.70E-05
1435	1.45807	6.70E-05
1436	1.45806	6.70E-05
1437	1.45806	6.70E-05
1438	1.45806	6.70E-05
1439	1.45806	6.70E-05
1440	1.45805	6.70E-05
1441	1.45805	6.70E-05
1442	1.45805	6.70E-05
1443	1.45805	6.70E-05
1444	1.45804	6.70E-05
1445	1.45804	6.70E-05
1446	1.45804	6.70E-05
1447	1.45803	6.70E-05
1448	1.45803	6.60E-05
1449	1.45803	6.60E-05
1450	1.45803	6.60E-05
1451	1.45802	6.60E-05
1452	1.45802	6.60E-05
1453	1.45802	6.60E-05
1454	1.45802	6.60E-05
1455	1.45801	6.60E-05
1456	1.45801	6.60E-05
1457	1.45801	6.60E-05
1458	1.458	6.60E-05
1459	1.458	6.60E-05
1460	1.458	6.60E-05
1461	1.458	6.60E-05
1462	1.45799	6.60E-05
1463	1.45799	6.60E-05
1464	1.45799	6.60E-05
1465	1.45799	6.60E-05
1466	1.45798	6.60E-05
1467	1.45798	6.60E-05
1468	1.45798	6.60E-05
1469	1.45798	6.60E-05
1470	1.45797	6.60E-05
1471	1.45797	6.60E-05
1472	1.45797	6.60E-05
1473	1.45796	6.60E-05
1474	1.45796	6.60E-05
1475	1.45796	6.60E-05
1476	1.45796	6.60E-05
1477	1.45795	6.60E-05
1478	1.45795	6.60E-05
1479	1.45795	6.60E-05
1480	1.45795	6.50E-05
1481	1.45794	6.50E-05
1482	1.45794	6.50E-05
1483	1.45794	6.50E-05
1484	1.45794	6.50E-05
1485	1.45793	6.50E-05
1486	1.45793	6.50E-05
1487	1.45793	6.50E-05
1488	1.45793	6.50E-05
1489	1.45792	6.50E-05
1490	1.45792	6.50E-05
1491	1.45792	6.50E-05
1492	1.45792	6.50E-05
1493	1.45791	6.50E-05
1494	1.45791	6.50E-05
1495	1.45791	6.50E-05
1496	1.45791	6.50E-05
1497	1.4579	6.50E-05
1498	1.4579	6.50E-05
1499	1.4579	6.50E-05
1500	1.4579	6.50E-05
1501	1.45789	6.50E-05
1502	1.45789	6.50E-05
1503	1.45789	6.50E-05
1504	1.45789	6.50E-05
1505	1.45788	6.50E-05
1506	1.45788	6.50E-05
1507	1.45788	6.50E-05
1508	1.45788	6.50E-05
1509	1.45787	6.50E-05
1510	1.45787	6.50E-05
1511	1.45787	6.50E-05
1512	1.45787	6.50E-05
1513	1.45786	6.40E-05
1514	1.45786	6.40E-05
1515	1.45786	6.40E-05
1516	1.45786	6.40E-05
1517	1.45785	6.40E-05
1518	1.45785	6.40E-05
1519	1.45785	6.40E-05
1520	1.45785	6.40E-05
1521	1.45785	6.40E-05
1522	1.45784	6.40E-05
1523	1.45784	6.40E-05
1524	1.45784	6.40E-05
1525	1.45784	6.40E-05
1526	1.45783	6.40E-05
1527	1.45783	6.40E-05
1528	1.45783	6.40E-05
1529	1.45783	6.40E-05
1530	1.45782	6.40E-05
1531	1.45782	6.40E-05
1532	1.45782	6.40E-05
1533	1.45782	6.40E-05
1534	1.45781	6.40E-05
1535	1.45781	6.40E-05
1536	1.45781	6.40E-05
1537	1.45781	6.40E-05
1538	1.45781	6.40E-05
1539	1.4578	6.40E-05
1540	1.4578	6.40E-05
1541	1.4578	6.40E-05
1542	1.4578	6.40E-05
1543	1.45779	6.40E-05
1544	1.45779	6.40E-05
1545	1.45779	6.40E-05
1546	1.45779	6.40E-05
1547	1.45779	6.40E-05
1548	1.45778	6.40E-05
1549	1.45778	6.30E-05
1550	1.45778	6.30E-05
1551	1.45778	6.30E-05
1552	1.45777	6.30E-05
1553	1.45777	6.30E-05
1554	1.45777	6.30E-05
1555	1.45777	6.30E-05
1556	1.45776	6.30E-05
1557	1.45776	6.30E-05
1558	1.45776	6.30E-05
1559	1.45776	6.30E-05
1560	1.45776	6.30E-05
1561	1.45775	6.30E-05
1562	1.45775	6.30E-05
1563	1.45775	6.30E-05
1564	1.45775	6.30E-05
1565	1.45775	6.30E-05
1566	1.45774	6.30E-05
1567	1.45774	6.30E-05
1568	1.45774	6.30E-05
1569	1.45774	6.30E-05
1570	1.45773	6.30E-05
1571	1.45773	6.30E-05
1572	1.45773	6.30E-05
1573	1.45773	6.30E-05
1574	1.45772	6.30E-05
1575	1.45772	6.30E-05
1576	1.45772	6.30E-05
1577	1.45772	6.30E-05
1578	1.45772	6.30E-05
1579	1.45772	6.30E-05
1580	1.45771	6.30E-05
1581	1.45771	6.30E-05
1582	1.45771	6.30E-05
1583	1.45771	6.30E-05
1584	1.4577	6.30E-05
1585	1.4577	6.30E-05
1586	1.4577	6.30E-05
1587	1.4577	6.20E-05
1588	1.4577	6.20E-05
1589	1.45769	6.20E-05
1590	1.45769	6.20E-05
1591	1.45769	6.20E-05
1592	1.45769	6.20E-05
1593	1.45768	6.20E-05
1594	1.45768	6.20E-05
1595	1.45768	6.20E-05
1596	1.45768	6.20E-05
1597	1.45768	6.20E-05
1598	1.45768	6.20E-05
1599	1.45767	6.20E-05
1600	1.45767	6.20E-05
1601	1.45767	6.20E-05
1602	1.45767	6.20E-05
1603	1.45767	6.20E-05
1604	1.45766	6.20E-05
1605	1.45766	6.20E-05
1606	1.45766	6.20E-05
1607	1.45766	6.20E-05
1608	1.45765	6.20E-05
1609	1.45765	6.20E-05
1610	1.45765	6.20E-05
1611	1.45765	6.20E-05
1612	1.45765	6.20E-05
1613	1.45765	6.20E-05
1614	1.45764	6.20E-05
1615	1.45764	6.20E-05
1616	1.45764	6.20E-05
1617	1.45764	6.20E-05
1618	1.45764	6.20E-05
1619	1.45763	6.20E-05
1620	1.45763	6.20E-05
1621	1.45763	6.20E-05
1622	1.45763	6.20E-05
1623	1.45762	6.20E-05
1624	1.45762	6.20E-05
1625	1.45762	6.20E-05
1626	1.45762	6.20E-05
1627	1.45762	6.20E-05
1628	1.45762	6.10E-05
1629	1.45761	6.10E-05
1630	1.45761	6.10E-05
1631	1.45761	6.10E-05
1632	1.45761	6.10E-05
1633	1.45761	6.10E-05
1634	1.4576	6.10E-05
1635	1.4576	6.10E-05
1636	1.4576	6.10E-05
1637	1.4576	6.10E-05
1638	1.4576	6.10E-05
1639	1.45759	6.10E-05
1640	1.45759	6.10E-05
1641	1.45759	6.10E-05
1642	1.45759	6.10E-05
1643	1.45759	6.10E-05
1644	1.45758	6.10E-05
1645	1.45758	6.10E-05
1646	1.45758	6.10E-05
1647	1.45758	6.10E-05
1648	1.45758	6.10E-05
1649	1.45758	6.10E-05
1650	1.45757	6.10E-05
1651	1.45757	6.10E-05
1652	1.45757	6.10E-05
1653	1.45757	6.10E-05
1654	1.45757	6.10E-05
1655	1.45756	6.10E-05
1656	1.45756	6.10E-05
1657	1.45756	6.10E-05
1658	1.45756	6.10E-05
1659	1.45756	6.10E-05
1660	1.45755	6.10E-05
1661	1.45755	6.10E-05
1662	1.45755	6.10E-05
1663	1.45755	6.10E-05
1664	1.45755	6.10E-05
1665	1.45755	6.10E-05
1666	1.45754	6.10E-05
1667	1.45754	6.10E-05
1668	1.45754	6.10E-05
1669	1.45754	6.10E-05
1670	1.45754	6.10E-05
1671	1.45754	6.10E-05
1672	1.45753	6.00E-05
1673	1.45753	6.00E-05
1674	1.45753	6.00E-05
1675	1.45753	6.00E-05
1676	1.45753	6.00E-05
1677	1.45752	6.00E-05
1678	1.45752	6.00E-05
1679	1.45752	6.00E-05
1680	1.45752	6.00E-05
1681	1.45752	6.00E-05
1682	1.45752	6.00E-05
1683	1.45751	6.00E-05
1684	1.45751	6.00E-05

