Wavelength	n	k
193	1.9853	1.28975
194	1.97069	1.30044
195	1.9598	1.31147
196	1.95226	1.32239
197	1.94766	1.33285
198	1.94561	1.34258
199	1.94571	1.35143
200	1.94759	1.35928
201	1.9509	1.36608
202	1.95533	1.37185
203	1.96062	1.37661
204	1.96652	1.38045
205	1.97284	1.38346
206	1.9794	1.38573
207	1.98608	1.38738
208	1.99277	1.38854
209	1.99939	1.38932
210	2.00589	1.38985
211	2.01223	1.39023
212	2.01842	1.39057
213	2.02445	1.39098
214	2.03036	1.39154
215	2.03617	1.39233
216	2.04194	1.39341
217	2.04773	1.39484
218	2.05359	1.39666
219	2.0596	1.3989
220	2.06583	1.40156
221	2.07236	1.40466
222	2.07924	1.40817
223	2.08656	1.41208
224	2.09438	1.41635
225	2.10275	1.42093
226	2.11172	1.42577
227	2.12135	1.43082
228	2.13166	1.436
229	2.14268	1.44124
230	2.15442	1.44646
231	2.16689	1.45161
232	2.18008	1.45658
233	2.19399	1.46132
234	2.20857	1.46575
235	2.22381	1.4698
236	2.23965	1.4734
237	2.25605	1.47652
238	2.27297	1.47908
239	2.29033	1.48106
240	2.30807	1.48242
241	2.32613	1.48313
242	2.34444	1.48317
243	2.36293	1.48255
244	2.38153	1.48126
245	2.40017	1.47931
246	2.41881	1.47673
247	2.43737	1.47354
248	2.4558	1.46978
249	2.47406	1.46548
250	2.49212	1.46071
251	2.50993	1.45551
252	2.52749	1.44993
253	2.54479	1.44403
254	2.56182	1.43788
255	2.5786	1.43152
256	2.59515	1.42501
257	2.61151	1.4184
258	2.62771	1.41172
259	2.6438	1.405
260	2.65984	1.39827
261	2.67588	1.39154
262	2.692	1.38479
263	2.70825	1.37803
264	2.72469	1.37121
265	2.74137	1.3643
266	2.75836	1.35725
267	2.77568	1.34999
268	2.79337	1.34245
269	2.81145	1.33456
270	2.82992	1.32622
271	2.84878	1.31736
272	2.868	1.30788
273	2.88755	1.2977
274	2.90737	1.28675
275	2.9274	1.27494
276	2.94758	1.26221
277	2.96781	1.24851
278	2.988	1.23378
279	3.00806	1.21801
280	3.02787	1.20116
281	3.04735	1.18324
282	3.06637	1.16426
283	3.08485	1.14422
284	3.10266	1.12316
285	3.11973	1.10114
286	3.13596	1.07819
287	3.15126	1.0544
288	3.16557	1.02982
289	3.17881	1.00455
290	3.19094	0.97866
291	3.20189	0.95224
292	3.21164	0.92539
293	3.22017	0.89821
294	3.22745	0.87078
295	3.23348	0.8432
296	3.23826	0.81557
297	3.24181	0.78797
298	3.24413	0.7605
299	3.24527	0.73324
300	3.24525	0.70626
301	3.24411	0.67964
302	3.24191	0.65345
303	3.23868	0.62774
304	3.23448	0.60258
305	3.22937	0.57801
306	3.22341	0.55407
307	3.21666	0.53081
308	3.20917	0.50826
309	3.20101	0.48643
310	3.19225	0.46535
311	3.18294	0.44502
312	3.17313	0.42547
313	3.16289	0.40669
314	3.15228	0.38869
315	3.14134	0.37145
316	3.13013	0.35497
317	3.1187	0.33924
318	3.10708	0.32425
319	3.09533	0.30997
320	3.08348	0.29639
321	3.07156	0.28349
322	3.05962	0.27124
323	3.04767	0.25962
324	3.03576	0.24862
325	3.02389	0.23819
326	3.01211	0.22833
327	3.00041	0.219
328	2.98883	0.21018
329	2.97737	0.20185
330	2.96605	0.19398
331	2.95487	0.18655
332	2.94386	0.17953
333	2.93301	0.1729
334	2.92233	0.16665
335	2.91183	0.16075
336	2.90151	0.15518
337	2.89137	0.14992
338	2.88141	0.14496
339	2.87163	0.14028
340	2.86203	0.13587
341	2.85262	0.1317
342	2.84338	0.12776
343	2.83432	0.12405
344	2.82544	0.12054
345	2.81673	0.11723
346	2.8082	0.1141
347	2.79983	0.11115
348	2.79162	0.10837
349	2.78357	0.10574
350	2.77569	0.10326
351	2.76795	0.10091
352	2.76037	0.0987
353	2.75293	0.09662
354	2.74564	0.09465
355	2.73848	0.0928
356	2.73147	0.09105
357	2.72458	0.0894
358	2.71783	0.08785
359	2.7112	0.0864
360	2.7047	0.08502
361	2.69832	0.08373
362	2.69205	0.08252
363	2.6859	0.08139
364	2.67986	0.08032
365	2.67393	0.07933
366	2.66811	0.0784
367	2.66239	0.07753
368	2.65677	0.07672
369	2.65124	0.07596
370	2.64582	0.07526
371	2.64049	0.07462
372	2.63525	0.07402
373	2.6301	0.07347
374	2.62503	0.07296
375	2.62005	0.0725
376	2.61516	0.07208
377	2.61034	0.0717
378	2.60561	0.07136
379	2.60095	0.07105
380	2.59636	0.07078
381	2.59185	0.07055
382	2.58742	0.07034
383	2.58305	0.07017
384	2.57875	0.07003
385	2.57451	0.06991
386	2.57034	0.06983
387	2.56624	0.06977
388	2.5622	0.06973
389	2.55821	0.06972
390	2.55429	0.06974
391	2.55043	0.06978
392	2.54662	0.06983
393	2.54287	0.06992
394	2.53917	0.07002
395	2.53552	0.07014
396	2.53193	0.07028
397	2.52839	0.07044
398	2.5249	0.07061
399	2.52145	0.07081
400	2.51806	0.07102
401	2.51471	0.07125
402	2.5114	0.07149
403	2.50814	0.07175
404	2.50493	0.07202
405	2.50175	0.07231
406	2.49862	0.07261
407	2.49553	0.07293
408	2.49248	0.07326
409	2.48946	0.0736
410	2.48649	0.07396
411	2.48355	0.07433
412	2.48066	0.07471
413	2.47779	0.0751
414	2.47497	0.0755
415	2.47217	0.07591
416	2.46942	0.07634
417	2.46669	0.07677
418	2.464	0.07722
419	2.46134	0.07768
420	2.45871	0.07814
421	2.45612	0.07862
422	2.45355	0.07911
423	2.45101	0.0796
424	2.44851	0.08011
425	2.44603	0.08062
426	2.44358	0.08114
427	2.44116	0.08167
428	2.43877	0.08221
429	2.4364	0.08276
430	2.43406	0.08332
431	2.43174	0.08389
432	2.42946	0.08446
433	2.4272	0.08504
434	2.42496	0.08563
435	2.42274	0.08623
436	2.42056	0.08683
437	2.41839	0.08744
438	2.41625	0.08806
439	2.41413	0.08869
440	2.41204	0.08933
441	2.40997	0.08997
442	2.40792	0.09062
443	2.40589	0.09127
444	2.40388	0.09193
445	2.4019	0.0926
446	2.39993	0.09328
447	2.39799	0.09396
448	2.39607	0.09465
449	2.39417	0.09534
450	2.39228	0.09604
451	2.39042	0.09675
452	2.38858	0.09747
453	2.38676	0.09819
454	2.38495	0.09891
455	2.38317	0.09964
456	2.3814	0.10038
457	2.37965	0.10113
458	2.37792	0.10187
459	2.37621	0.10263
460	2.37451	0.10339
461	2.37284	0.10416
462	2.37118	0.10493
463	2.36954	0.1057
464	2.36791	0.10649
465	2.3663	0.10727
466	2.36471	0.10807
467	2.36314	0.10886
468	2.36158	0.10967
469	2.36004	0.11047
470	2.35852	0.11129
471	2.35701	0.1121
472	2.35551	0.11293
473	2.35404	0.11375
474	2.35257	0.11458
475	2.35113	0.11542
476	2.3497	0.11626
477	2.34828	0.11711
478	2.34688	0.11795
479	2.3455	0.11881
480	2.34413	0.11966
481	2.34277	0.12053
482	2.34143	0.12139
483	2.3401	0.12226
484	2.33879	0.12314
485	2.33749	0.12401
486	2.33621	0.1249
487	2.33494	0.12578
488	2.33368	0.12667
489	2.33244	0.12756
490	2.33121	0.12846
491	2.32999	0.12936
492	2.32879	0.13026
493	2.3276	0.13117
494	2.32643	0.13208
495	2.32527	0.13299
496	2.32412	0.13391
497	2.32298	0.13483
498	2.32186	0.13575
499	2.32075	0.13667
500	2.31965	0.1376
501	2.31857	0.13853
502	2.3175	0.13947
503	2.31644	0.14041
504	2.31539	0.14134
505	2.31436	0.14229
506	2.31333	0.14323
507	2.31232	0.14418
508	2.31133	0.14513
509	2.31034	0.14608
510	2.30936	0.14703
511	2.3084	0.14799
512	2.30745	0.14895
513	2.30651	0.14991
514	2.30558	0.15087
515	2.30467	0.15184
516	2.30376	0.1528
517	2.30287	0.15377
518	2.30199	0.15474
519	2.30112	0.15571
520	2.30025	0.15668
521	2.29941	0.15766
522	2.29857	0.15864
523	2.29774	0.15962
524	2.29692	0.1606
525	2.29612	0.16158
526	2.29532	0.16256
527	2.29454	0.16354
528	2.29376	0.16453
529	2.293	0.16552
530	2.29225	0.1665
531	2.2915	0.16749
532	2.29077	0.16848
533	2.29005	0.16947
534	2.28933	0.17047
535	2.28863	0.17146
536	2.28794	0.17245
537	2.28726	0.17344
538	2.28658	0.17444
539	2.28592	0.17544
540	2.28526	0.17643
541	2.28462	0.17743
542	2.28398	0.17843
543	2.28336	0.17943
544	2.28274	0.18042
545	2.28213	0.18142
546	2.28154	0.18242
547	2.28095	0.18342
548	2.28037	0.18442
549	2.2798	0.18542
550	2.27924	0.18642
551	2.27868	0.18742
552	2.27814	0.18842
553	2.2776	0.18943
554	2.27708	0.19043
555	2.27656	0.19143
556	2.27605	0.19243
557	2.27555	0.19343
558	2.27506	0.19443
559	2.27457	0.19543
560	2.27409	0.19643
561	2.27363	0.19743
562	2.27317	0.19843
563	2.27271	0.19943
564	2.27227	0.20043
565	2.27183	0.20143
566	2.27141	0.20243
567	2.27099	0.20343
568	2.27057	0.20443
569	2.27017	0.20543
570	2.26977	0.20642
571	2.26938	0.20742
572	2.269	0.20842
573	2.26863	0.20941
574	2.26826	0.21041
575	2.2679	0.2114
576	2.26755	0.2124
577	2.2672	0.21339
578	2.26686	0.21438
579	2.26653	0.21537
580	2.26621	0.21637
581	2.26589	0.21735
582	2.26558	0.21835
583	2.26528	0.21933
584	2.26498	0.22032
585	2.26469	0.22131
586	2.26441	0.2223
587	2.26413	0.22328
588	2.26386	0.22427
589	2.2636	0.22525
590	2.26334	0.22623
591	2.26309	0.22722
592	2.26285	0.2282
593	2.26261	0.22918
594	2.26238	0.23016
595	2.26215	0.23114
596	2.26193	0.23211
597	2.26172	0.23309
598	2.26151	0.23407
599	2.26131	0.23504
600	2.26112	0.23602
601	2.26093	0.23699
602	2.26075	0.23796
603	2.26057	0.23893
604	2.2604	0.2399
605	2.26023	0.24087
606	2.26007	0.24183
607	2.25992	0.2428
608	2.25977	0.24377
609	2.25963	0.24473
610	2.25949	0.24569
611	2.25936	0.24666
612	2.25923	0.24762
613	2.25911	0.24858
614	2.25899	0.24954
615	2.25888	0.25049
616	2.25878	0.25145
617	2.25868	0.2524
618	2.25858	0.25336
619	2.25849	0.25431
620	2.25841	0.25526
621	2.25833	0.25621
622	2.25825	0.25716
623	2.25818	0.25811
624	2.25812	0.25906
625	2.25806	0.26
626	2.258	0.26095
627	2.25795	0.26189
628	2.25791	0.26284
629	2.25787	0.26378
630	2.25783	0.26472
631	2.2578	0.26566
632	2.25778	0.2666
633	2.25775	0.26753
634	2.25774	0.26847
635	2.25772	0.2694
636	2.25772	0.27034
637	2.25771	0.27127
638	2.25772	0.2722
639	2.25772	0.27313
640	2.25773	0.27406
641	2.25774	0.27499
642	2.25776	0.27592
643	2.25779	0.27684
644	2.25781	0.27777
645	2.25785	0.27869
646	2.25788	0.27961
647	2.25792	0.28053
648	2.25797	0.28145
649	2.25802	0.28237
650	2.25807	0.28329
651	2.25813	0.28421
652	2.25819	0.28512
653	2.25826	0.28604
654	2.25833	0.28695
655	2.2584	0.28786
656	2.25848	0.28877
657	2.25856	0.28969
658	2.25865	0.29059
659	2.25874	0.2915
660	2.25883	0.29241
661	2.25893	0.29331
662	2.25903	0.29422
663	2.25914	0.29512
664	2.25925	0.29603
665	2.25936	0.29693
666	2.25948	0.29783
667	2.2596	0.29873
668	2.25973	0.29962
669	2.25985	0.30052
670	2.25999	0.30142
671	2.26012	0.30231
672	2.26027	0.30321
673	2.26041	0.3041
674	2.26056	0.30499
675	2.26071	0.30588
676	2.26087	0.30677
677	2.26103	0.30766
678	2.26119	0.30855
679	2.26136	0.30944
680	2.26153	0.31032
681	2.2617	0.31121
682	2.26188	0.31209
683	2.26206	0.31297
684	2.26225	0.31385
685	2.26244	0.31473
686	2.26263	0.31561
687	2.26283	0.31649
688	2.26303	0.31737
689	2.26323	0.31825
690	2.26344	0.31912
691	2.26365	0.31999
692	2.26386	0.32087
693	2.26408	0.32174
694	2.2643	0.32261
695	2.26453	0.32348
696	2.26476	0.32435
697	2.26499	0.32521
698	2.26523	0.32608
699	2.26546	0.32695
700	2.26571	0.32781
701	2.26595	0.32867
702	2.2662	0.32954
703	2.26646	0.3304
704	2.26672	0.33126
705	2.26698	0.33212
706	2.26724	0.33297
707	2.26751	0.33383
708	2.26778	0.33469
709	2.26805	0.33554
710	2.26833	0.33639
711	2.26861	0.33725
712	2.2689	0.3381
713	2.26918	0.33895
714	2.26948	0.3398
715	2.26977	0.34064
716	2.27007	0.34149
717	2.27037	0.34233
718	2.27068	0.34318
719	2.27099	0.34402
720	2.2713	0.34486
721	2.27162	0.3457
722	2.27194	0.34654
723	2.27226	0.34738
724	2.27258	0.34822
725	2.27291	0.34905
726	2.27325	0.34989
727	2.27358	0.35072
728	2.27392	0.35155
729	2.27427	0.35238
730	2.27461	0.35321
731	2.27496	0.35404
732	2.27532	0.35487
733	2.27567	0.35569
734	2.27603	0.35652
735	2.27639	0.35734
736	2.27676	0.35816
737	2.27713	0.35898
738	2.27751	0.3598
739	2.27788	0.36062
740	2.27826	0.36143
741	2.27865	0.36225
742	2.27903	0.36306
743	2.27942	0.36387
744	2.27982	0.36468
745	2.28021	0.36549
746	2.28061	0.3663
747	2.28102	0.3671
748	2.28142	0.36791
749	2.28183	0.36871
750	2.28224	0.36951
751	2.28266	0.37031
752	2.28308	0.37111
753	2.2835	0.37191
754	2.28393	0.37271
755	2.28436	0.3735
756	2.28479	0.37429
757	2.28523	0.37508
758	2.28567	0.37587
759	2.28611	0.37666
760	2.28655	0.37745
761	2.287	0.37823
762	2.28746	0.37901
763	2.28791	0.37979
764	2.28837	0.38057
765	2.28883	0.38135
766	2.2893	0.38213
767	2.28976	0.3829
768	2.29023	0.38368
769	2.29071	0.38445
770	2.29119	0.38522
771	2.29167	0.38598
772	2.29215	0.38675
773	2.29264	0.38751
774	2.29313	0.38827
775	2.29362	0.38904
776	2.29412	0.38979
777	2.29461	0.39055
778	2.29512	0.39131
779	2.29562	0.39206
780	2.29613	0.39281
781	2.29664	0.39356
782	2.29716	0.39431
783	2.29767	0.39505
784	2.2982	0.3958
785	2.29872	0.39654
786	2.29925	0.39727
787	2.29977	0.39801
788	2.30031	0.39875
789	2.30084	0.39948
790	2.30138	0.40021
791	2.30192	0.40094
792	2.30247	0.40167
793	2.30301	0.4024
794	2.30356	0.40312
795	2.30412	0.40384
796	2.30467	0.40456
797	2.30523	0.40528
798	2.30579	0.40599
799	2.30636	0.4067
800	2.30693	0.40741
801	2.3075	0.40812
802	2.30807	0.40883
803	2.30865	0.40953
804	2.30923	0.41023
805	2.30981	0.41093
806	2.31039	0.41163
807	2.31098	0.41232
808	2.31157	0.41302
809	2.31216	0.4137
810	2.31276	0.41439
811	2.31335	0.41508
812	2.31395	0.41576
813	2.31456	0.41644
814	2.31516	0.41712
815	2.31577	0.4178
816	2.31638	0.41847
817	2.317	0.41914
818	2.31761	0.41981
819	2.31823	0.42048
820	2.31886	0.42114
821	2.31948	0.4218
822	2.32011	0.42246
823	2.32074	0.42312
824	2.32137	0.42377
825	2.322	0.42442
826	2.32264	0.42507
827	2.32328	0.42572
828	2.32392	0.42636
829	2.32456	0.42701
830	2.32521	0.42764
831	2.32586	0.42828
832	2.32651	0.42891
833	2.32716	0.42955
834	2.32782	0.43017
835	2.32848	0.4308
836	2.32914	0.43142
837	2.3298	0.43204
838	2.33047	0.43266
839	2.33114	0.43328
840	2.33181	0.43389
841	2.33248	0.4345
842	2.33315	0.43511
843	2.33383	0.43571
844	2.33451	0.43631
845	2.33519	0.43691
846	2.33587	0.43751
847	2.33656	0.4381
848	2.33724	0.4387
849	2.33793	0.43928
850	2.33863	0.43987
851	2.33932	0.44045
852	2.34002	0.44103
853	2.34071	0.44161
854	2.34141	0.44218
855	2.34212	0.44276
856	2.34282	0.44332
857	2.34352	0.44389
858	2.34423	0.44445
859	2.34494	0.44501
860	2.34565	0.44557
861	2.34637	0.44612
862	2.34708	0.44668
863	2.3478	0.44722
864	2.34852	0.44777
865	2.34924	0.44831
866	2.34996	0.44885
867	2.35068	0.44939
868	2.35141	0.44993
869	2.35214	0.45046
870	2.35287	0.45099
871	2.3536	0.45151
872	2.35433	0.45203
873	2.35507	0.45255
874	2.3558	0.45307
875	2.35654	0.45358
876	2.35728	0.4541
877	2.35802	0.4546
878	2.35876	0.45511
879	2.35951	0.45561
880	2.36025	0.45611
881	2.361	0.4566
882	2.36175	0.4571
883	2.3625	0.45759
884	2.36325	0.45808
885	2.364	0.45856
886	2.36476	0.45904
887	2.36551	0.45952
888	2.36627	0.45999
889	2.36703	0.46047
890	2.36779	0.46093
891	2.36855	0.4614
892	2.36931	0.46186
893	2.37007	0.46232
894	2.37084	0.46278
895	2.37161	0.46324
896	2.37237	0.46369
897	2.37314	0.46413
898	2.37391	0.46458
899	2.37468	0.46502
900	2.37546	0.46546
901	2.37623	0.4659
902	2.377	0.46633
903	2.37778	0.46676
904	2.37856	0.46719
905	2.37933	0.46761
906	2.38011	0.46803
907	2.38089	0.46845
908	2.38167	0.46886
909	2.38245	0.46927
910	2.38324	0.46968
911	2.38402	0.47009
912	2.3848	0.47049
913	2.38559	0.47089
914	2.38638	0.47129
915	2.38716	0.47168
916	2.38795	0.47207
917	2.38874	0.47246
918	2.38953	0.47284
919	2.39032	0.47322
920	2.39111	0.4736
921	2.3919	0.47397
922	2.3927	0.47435
923	2.39349	0.47472
924	2.39428	0.47508
925	2.39508	0.47545
926	2.39588	0.4758
927	2.39667	0.47616
928	2.39747	0.47652
929	2.39826	0.47687
930	2.39906	0.47722
931	2.39986	0.47756
932	2.40066	0.4779
933	2.40146	0.47824
934	2.40226	0.47858
935	2.40306	0.47891
936	2.40386	0.47924
937	2.40467	0.47957
938	2.40547	0.47989
939	2.40627	0.48021
940	2.40707	0.48053
941	2.40788	0.48084
942	2.40868	0.48116
943	2.40949	0.48146
944	2.41029	0.48177
945	2.41109	0.48207
946	2.4119	0.48237
947	2.4127	0.48267
948	2.41351	0.48296
949	2.41432	0.48325
950	2.41512	0.48354
951	2.41593	0.48383
952	2.41674	0.48411
953	2.41755	0.48439
954	2.41835	0.48467
955	2.41916	0.48494
956	2.41997	0.48521
957	2.42077	0.48548
958	2.42158	0.48574
959	2.42239	0.48601
960	2.4232	0.48626
961	2.42401	0.48652
962	2.42482	0.48677
963	2.42563	0.48702
964	2.42643	0.48727
965	2.42724	0.48752
966	2.42805	0.48776
967	2.42886	0.488
968	2.42967	0.48823
969	2.43048	0.48847
970	2.43128	0.4887
971	2.43209	0.48892
972	2.4329	0.48915
973	2.43371	0.48937
974	2.43452	0.48959
975	2.43533	0.48981
976	2.43613	0.49002
977	2.43694	0.49023
978	2.43775	0.49044
979	2.43856	0.49064
980	2.43936	0.49084
981	2.44017	0.49105
982	2.44098	0.49124
983	2.44178	0.49144
984	2.44259	0.49163
985	2.4434	0.49182
986	2.4442	0.492
987	2.44501	0.49218
988	2.44581	0.49237
989	2.44662	0.49254
990	2.44742	0.49272
991	2.44823	0.49289
992	2.44903	0.49306
993	2.44984	0.49323
994	2.45064	0.49339
995	2.45144	0.49355
996	2.45225	0.49371
997	2.45305	0.49387
998	2.45385	0.49402
999	2.45465	0.49417
1000	2.45545	0.49432
1001	2.45625	0.49447
1002	2.45705	0.49461
1003	2.45785	0.49475
1004	2.45865	0.49489
1005	2.45945	0.49503
1006	2.46025	0.49516
1007	2.46104	0.49529
1008	2.46184	0.49542
1009	2.46264	0.49554
1010	2.46343	0.49567
1011	2.46423	0.49579
1012	2.46502	0.4959
1013	2.46582	0.49602
1014	2.46661	0.49613
1015	2.4674	0.49624
1016	2.4682	0.49635
1017	2.46899	0.49645
1018	2.46978	0.49656
1019	2.47057	0.49666
1020	2.47136	0.49676
1021	2.47215	0.49685
1022	2.47294	0.49695
1023	2.47372	0.49704
1024	2.47451	0.49712
1025	2.4753	0.49721
1026	2.47608	0.49729
1027	2.47687	0.49738
1028	2.47765	0.49745
1029	2.47844	0.49753
1030	2.47922	0.4976
1031	2.48	0.49767
1032	2.48078	0.49774
1033	2.48156	0.49781
1034	2.48234	0.49788
1035	2.48312	0.49794
1036	2.4839	0.498
1037	2.48468	0.49806
1038	2.48545	0.49811
1039	2.48623	0.49817
1040	2.487	0.49822
1041	2.48778	0.49827
1042	2.48855	0.49831
1043	2.48932	0.49836
1044	2.49009	0.4984
1045	2.49086	0.49844
1046	2.49163	0.49848
1047	2.4924	0.49851
1048	2.49317	0.49854
1049	2.49394	0.49857
1050	2.4947	0.4986
1051	2.49547	0.49863
1052	2.49623	0.49866
1053	2.49699	0.49868
1054	2.49776	0.4987
1055	2.49852	0.49872
1056	2.49928	0.49873
1057	2.50004	0.49875
1058	2.5008	0.49876
1059	2.50155	0.49877
1060	2.50231	0.49878
1061	2.50306	0.49878
1062	2.50382	0.49879
1063	2.50457	0.49879
1064	2.50532	0.49879
1065	2.50608	0.49878
1066	2.50683	0.49878
1067	2.50758	0.49877
1068	2.50832	0.49877
1069	2.50907	0.49876
1070	2.50982	0.49874
1071	2.51056	0.49873
1072	2.51131	0.49871
1073	2.51205	0.49869
1074	2.51279	0.49867
1075	2.51353	0.49865
1076	2.51427	0.49863
1077	2.51501	0.4986
1078	2.51575	0.49857
1079	2.51648	0.49854
1080	2.51722	0.49851
1081	2.51795	0.49848
1082	2.51869	0.49844
1083	2.51942	0.4984
1084	2.52015	0.49837
1085	2.52088	0.49833
1086	2.52161	0.49828
1087	2.52234	0.49824
1088	2.52306	0.49819
1089	2.52379	0.49814
1090	2.52451	0.49809
1091	2.52523	0.49804
1092	2.52596	0.49799
1093	2.52668	0.49793
1094	2.52739	0.49788
1095	2.52811	0.49782
1096	2.52883	0.49776
1097	2.52955	0.4977
1098	2.53026	0.49763
1099	2.53098	0.49756
1100	2.53169	0.4975
1101	2.5324	0.49743
1102	2.53311	0.49736
1103	2.53382	0.49729
1104	2.53452	0.49721
1105	2.53523	0.49714
1106	2.53594	0.49706
1107	2.53664	0.49698
1108	2.53734	0.4969
1109	2.53804	0.49682
1110	2.53874	0.49673
1111	2.53944	0.49665
1112	2.54014	0.49656
1113	2.54084	0.49647
1114	2.54153	0.49638
1115	2.54223	0.49629
1116	2.54292	0.4962
1117	2.54361	0.4961
1118	2.5443	0.49601
1119	2.54499	0.49591
1120	2.54568	0.49581
1121	2.54637	0.49571
1122	2.54705	0.49561
1123	2.54773	0.4955
1124	2.54842	0.4954
1125	2.5491	0.49529
1126	2.54978	0.49518
1127	2.55046	0.49507
1128	2.55114	0.49496
1129	2.55181	0.49485
1130	2.55249	0.49474
1131	2.55316	0.49462
1132	2.55383	0.4945
1133	2.5545	0.49439
1134	2.55518	0.49427
1135	2.55584	0.49415
1136	2.55651	0.49402
1137	2.55718	0.4939
1138	2.55784	0.49378
1139	2.55851	0.49365
1140	2.55917	0.49352
1141	2.55983	0.49339
1142	2.56049	0.49326
1143	2.56115	0.49313
1144	2.5618	0.493
1145	2.56246	0.49286
1146	2.56311	0.49273
1147	2.56377	0.49259
1148	2.56442	0.49245
1149	2.56507	0.49231
1150	2.56572	0.49217
1151	2.56637	0.49203
1152	2.56701	0.49189
1153	2.56766	0.49174
1154	2.5683	0.4916
1155	2.56895	0.49145
1156	2.56959	0.4913
1157	2.57023	0.49115
1158	2.57087	0.491
1159	2.5715	0.49085
1160	2.57214	0.4907
1161	2.57277	0.49055
1162	2.57341	0.49039
1163	2.57404	0.49023
1164	2.57467	0.49008
1165	2.5753	0.48992
1166	2.57593	0.48976
1167	2.57655	0.4896
1168	2.57718	0.48944
1169	2.5778	0.48927
1170	2.57843	0.48911
1171	2.57905	0.48894
1172	2.57967	0.48878
1173	2.58029	0.48861
1174	2.58091	0.48844
1175	2.58152	0.48827
1176	2.58214	0.4881
1177	2.58275	0.48793
1178	2.58336	0.48776
1179	2.58397	0.48758
1180	2.58458	0.48741
1181	2.58519	0.48723
1182	2.5858	0.48706
1183	2.5864	0.48688
1184	2.58701	0.4867
1185	2.58761	0.48652
1186	2.58821	0.48634
1187	2.58881	0.48616
1188	2.58941	0.48597
1189	2.59001	0.48579
1190	2.59061	0.48561
1191	2.5912	0.48542
1192	2.59179	0.48523
1193	2.59239	0.48505
1194	2.59298	0.48486
1195	2.59357	0.48467
1196	2.59416	0.48448
1197	2.59474	0.48429
1198	2.59533	0.4841
1199	2.59591	0.4839
1200	2.5965	0.48371
1201	2.59708	0.48351
1202	2.59766	0.48332
1203	2.59824	0.48312
1204	2.59882	0.48293
1205	2.59939	0.48273
1206	2.59997	0.48253
1207	2.60054	0.48233
1208	2.60111	0.48213
1209	2.60168	0.48193
1210	2.60226	0.48173
1211	2.60282	0.48152
1212	2.60339	0.48132
1213	2.60396	0.48111
1214	2.60452	0.48091
1215	2.60508	0.4807
1216	2.60565	0.4805
1217	2.60621	0.48029
1218	2.60677	0.48008
1219	2.60732	0.47987
1220	2.60788	0.47966
1221	2.60844	0.47945
1222	2.60899	0.47924
1223	2.60954	0.47903
1224	2.6101	0.47881
1225	2.61065	0.4786
1226	2.6112	0.47839
1227	2.61174	0.47817
1228	2.61229	0.47795
1229	2.61284	0.47774
1230	2.61338	0.47752
1231	2.61392	0.4773
1232	2.61446	0.47708
1233	2.615	0.47686
1234	2.61554	0.47664
1235	2.61608	0.47642
1236	2.61661	0.4762
1237	2.61715	0.47598
1238	2.61768	0.47576
1239	2.61822	0.47553
1240	2.61875	0.47531
1241	2.61928	0.47509
1242	2.6198	0.47486
1243	2.62033	0.47464
1244	2.62086	0.47441
1245	2.62138	0.47418
1246	2.62191	0.47396
1247	2.62243	0.47373
1248	2.62295	0.4735
1249	2.62347	0.47327
1250	2.62399	0.47304
1251	2.6245	0.47281
1252	2.62502	0.47258
1253	2.62554	0.47235
1254	2.62605	0.47211
1255	2.62656	0.47188
1256	2.62707	0.47165
1257	2.62758	0.47141
1258	2.62809	0.47118
1259	2.62859	0.47094
1260	2.6291	0.47071
1261	2.62961	0.47047
1262	2.63011	0.47024
1263	2.63061	0.47
1264	2.63111	0.46976
1265	2.63161	0.46952
1266	2.63211	0.46929
1267	2.63261	0.46905
1268	2.6331	0.46881
1269	2.6336	0.46857
1270	2.63409	0.46833
1271	2.63458	0.46808
1272	2.63507	0.46784
1273	2.63556	0.4676
1274	2.63605	0.46736
1275	2.63654	0.46712
1276	2.63703	0.46687
1277	2.63751	0.46663
1278	2.63799	0.46638
1279	2.63848	0.46614
1280	2.63896	0.4659
1281	2.63944	0.46565
1282	2.63992	0.4654
1283	2.64039	0.46516
1284	2.64087	0.46491
1285	2.64135	0.46466
1286	2.64182	0.46442
1287	2.64229	0.46417
1288	2.64276	0.46392
1289	2.64323	0.46367
1290	2.6437	0.46342
1291	2.64417	0.46317
1292	2.64464	0.46292
1293	2.6451	0.46267
1294	2.64557	0.46242
1295	2.64603	0.46217
1296	2.64649	0.46192
1297	2.64696	0.46167
1298	2.64742	0.46142
1299	2.64787	0.46116
1300	2.64833	0.46091
1301	2.64879	0.46066
1302	2.64924	0.4604
1303	2.6497	0.46015
1304	2.65015	0.4599
1305	2.6506	0.45964
1306	2.65105	0.45939
1307	2.6515	0.45913
1308	2.65195	0.45888
1309	2.6524	0.45862
1310	2.65284	0.45837
1311	2.65329	0.45811
1312	2.65373	0.45785
1313	2.65417	0.45759
1314	2.65461	0.45734
1315	2.65505	0.45708
1316	2.65549	0.45682
1317	2.65593	0.45656
1318	2.65637	0.45631
1319	2.6568	0.45605
1320	2.65724	0.45579
1321	2.65767	0.45553
1322	2.6581	0.45527
1323	2.65854	0.45501
1324	2.65897	0.45475
1325	2.6594	0.45449
1326	2.65982	0.45423
1327	2.66025	0.45397
1328	2.66067	0.45371
1329	2.6611	0.45345
1330	2.66152	0.45319
1331	2.66194	0.45292
1332	2.66237	0.45266
1333	2.66279	0.4524
1334	2.66321	0.45214
1335	2.66362	0.45188
1336	2.66404	0.45161
1337	2.66446	0.45135
1338	2.66487	0.45109
1339	2.66528	0.45082
1340	2.6657	0.45056
1341	2.66611	0.4503
1342	2.66652	0.45003
1343	2.66693	0.44977
1344	2.66734	0.4495
1345	2.66774	0.44924
1346	2.66815	0.44898
1347	2.66856	0.44871
1348	2.66896	0.44844
1349	2.66936	0.44818
1350	2.66976	0.44791
1351	2.67016	0.44765
1352	2.67056	0.44738
1353	2.67096	0.44712
1354	2.67136	0.44685
1355	2.67176	0.44659
1356	2.67215	0.44632
1357	2.67255	0.44605
1358	2.67294	0.44579
1359	2.67333	0.44552
1360	2.67373	0.44525
1361	2.67412	0.44499
1362	2.6745	0.44472
1363	2.67489	0.44445
1364	2.67528	0.44418
1365	2.67567	0.44392
1366	2.67605	0.44365
1367	2.67644	0.44338
1368	2.67682	0.44311
1369	2.6772	0.44284
1370	2.67758	0.44258
1371	2.67796	0.44231
1372	2.67834	0.44204
1373	2.67872	0.44177
1374	2.6791	0.4415
1375	2.67948	0.44123
1376	2.67985	0.44097
1377	2.68023	0.4407
1378	2.6806	0.44043
1379	2.68097	0.44016
1380	2.68134	0.43989
1381	2.68171	0.43962
1382	2.68208	0.43935
1383	2.68245	0.43908
1384	2.68282	0.43881
1385	2.68318	0.43854
1386	2.68355	0.43827
1387	2.68391	0.438
1388	2.68428	0.43773
1389	2.68464	0.43746
1390	2.685	0.4372
1391	2.68536	0.43693
1392	2.68572	0.43666
1393	2.68608	0.43639
1394	2.68644	0.43612
1395	2.6868	0.43584
1396	2.68715	0.43557
1397	2.6875	0.43531
1398	2.68786	0.43504
1399	2.68821	0.43477
1400	2.68856	0.4345
1401	2.68892	0.43422
1402	2.68927	0.43395
1403	2.68961	0.43368
1404	2.68996	0.43341
1405	2.69031	0.43314
1406	2.69066	0.43287
1407	2.691	0.4326
1408	2.69135	0.43233
1409	2.69169	0.43206
1410	2.69203	0.43179
1411	2.69238	0.43152
1412	2.69272	0.43125
1413	2.69306	0.43098
1414	2.6934	0.43071
1415	2.69373	0.43044
1416	2.69407	0.43017
1417	2.69441	0.4299
1418	2.69474	0.42963
1419	2.69508	0.42935
1420	2.69541	0.42908
1421	2.69575	0.42881
1422	2.69608	0.42854
1423	2.69641	0.42827
1424	2.69674	0.428
1425	2.69707	0.42773
1426	2.6974	0.42746
1427	2.69772	0.42719
1428	2.69805	0.42692
1429	2.69838	0.42665
1430	2.6987	0.42638
1431	2.69903	0.42611
1432	2.69935	0.42584
1433	2.69967	0.42557
1434	2.69999	0.4253
1435	2.70031	0.42503
1436	2.70063	0.42476
1437	2.70095	0.42449
1438	2.70127	0.42422
1439	2.70159	0.42395
1440	2.70191	0.42368
1441	2.70222	0.42341
1442	2.70254	0.42314
1443	2.70285	0.42287
1444	2.70316	0.4226
1445	2.70347	0.42233
1446	2.70378	0.42206
1447	2.7041	0.42179
1448	2.70441	0.42152
1449	2.70471	0.42125
1450	2.70502	0.42098
1451	2.70533	0.42071
1452	2.70564	0.42044
1453	2.70594	0.42017
1454	2.70625	0.4199
1455	2.70655	0.41963
1456	2.70685	0.41936
1457	2.70716	0.41909
1458	2.70746	0.41882
1459	2.70776	0.41856
1460	2.70806	0.41829
1461	2.70836	0.41802
1462	2.70865	0.41775
1463	2.70895	0.41748
1464	2.70925	0.41721
1465	2.70955	0.41694
1466	2.70984	0.41667
1467	2.71014	0.41641
1468	2.71043	0.41614
1469	2.71072	0.41587
1470	2.71101	0.4156
1471	2.7113	0.41533
1472	2.7116	0.41507
1473	2.71189	0.4148
1474	2.71217	0.41453
1475	2.71246	0.41426
1476	2.71275	0.41399
1477	2.71304	0.41373
1478	2.71332	0.41346
1479	2.71361	0.41319
1480	2.71389	0.41292
1481	2.71418	0.41266
1482	2.71446	0.41239
1483	2.71474	0.41212
1484	2.71502	0.41186
1485	2.7153	0.41159
1486	2.71558	0.41132
1487	2.71586	0.41106
1488	2.71614	0.41079
1489	2.71642	0.41052
1490	2.71669	0.41026
1491	2.71697	0.40999
1492	2.71724	0.40973
1493	2.71752	0.40946
1494	2.71779	0.40919
1495	2.71807	0.40893
1496	2.71834	0.40866
1497	2.71861	0.4084
1498	2.71888	0.40813
1499	2.71915	0.40787
1500	2.71942	0.4076
1501	2.71969	0.40734
1502	2.71996	0.40707
1503	2.72022	0.40681
1504	2.72049	0.40654
1505	2.72076	0.40628
1506	2.72102	0.40601
1507	2.72129	0.40575
1508	2.72155	0.40548
1509	2.72181	0.40522
1510	2.72207	0.40496
1511	2.72234	0.40469
1512	2.7226	0.40443
1513	2.72286	0.40417
1514	2.72312	0.4039
1515	2.72338	0.40364
1516	2.72363	0.40338
1517	2.72389	0.40312
1518	2.72415	0.40285
1519	2.72441	0.40259
1520	2.72466	0.40233
1521	2.72492	0.40207
1522	2.72517	0.4018
1523	2.72542	0.40154
1524	2.72568	0.40128
1525	2.72593	0.40102
1526	2.72618	0.40076
1527	2.72643	0.40049
1528	2.72668	0.40023
1529	2.72693	0.39997
1530	2.72718	0.39971
1531	2.72743	0.39945
1532	2.72767	0.39919
1533	2.72792	0.39893
1534	2.72817	0.39867
1535	2.72841	0.39841
1536	2.72866	0.39815
1537	2.7289	0.39789
1538	2.72914	0.39763
1539	2.72939	0.39737
1540	2.72963	0.39711
1541	2.72987	0.39685
1542	2.73011	0.39659
1543	2.73035	0.39633
1544	2.73059	0.39607
1545	2.73083	0.39581
1546	2.73107	0.39556
1547	2.73131	0.3953
1548	2.73155	0.39504
1549	2.73178	0.39478
1550	2.73202	0.39452
1551	2.73225	0.39427
1552	2.73249	0.39401
1553	2.73272	0.39375
1554	2.73295	0.39349
1555	2.73319	0.39324
1556	2.73342	0.39298
1557	2.73365	0.39272
1558	2.73388	0.39247
1559	2.73411	0.39221
1560	2.73434	0.39196
1561	2.73457	0.3917
1562	2.7348	0.39144
1563	2.73503	0.39119
1564	2.73526	0.39093
1565	2.73548	0.39068
1566	2.73571	0.39042
1567	2.73593	0.39017
1568	2.73616	0.38991
1569	2.73638	0.38966
1570	2.73661	0.3894
1571	2.73683	0.38915
1572	2.73705	0.38889
1573	2.73727	0.38864
1574	2.7375	0.38839
1575	2.73772	0.38813
1576	2.73794	0.38788
1577	2.73815	0.38763
1578	2.73837	0.38737
1579	2.73859	0.38712
1580	2.73881	0.38687
1581	2.73903	0.38662
1582	2.73924	0.38636
1583	2.73946	0.38611
1584	2.73968	0.38586
1585	2.73989	0.38561
1586	2.74011	0.38536
1587	2.74032	0.3851
1588	2.74053	0.38485
1589	2.74075	0.3846
1590	2.74096	0.38435
1591	2.74117	0.3841
1592	2.74138	0.38385
1593	2.74159	0.3836
1594	2.7418	0.38335
1595	2.74201	0.3831
1596	2.74222	0.38285
1597	2.74243	0.3826
1598	2.74264	0.38235
1599	2.74284	0.3821
1600	2.74305	0.38185
1601	2.74326	0.38161
1602	2.74346	0.38136
1603	2.74367	0.38111
1604	2.74387	0.38086
1605	2.74408	0.38061
1606	2.74428	0.38037
1607	2.74448	0.38012
1608	2.74469	0.37987
1609	2.74489	0.37962
1610	2.74509	0.37938
1611	2.74529	0.37913
1612	2.74549	0.37888
1613	2.74569	0.37864
1614	2.74589	0.37839
1615	2.74609	0.37814
1616	2.74629	0.3779
1617	2.74648	0.37765
1618	2.74668	0.37741
1619	2.74688	0.37716
1620	2.74707	0.37692
1621	2.74727	0.37667
1622	2.74747	0.37643
1623	2.74766	0.37618
1624	2.74785	0.37594
1625	2.74805	0.37569
1626	2.74824	0.37545
1627	2.74843	0.37521
1628	2.74863	0.37496
1629	2.74882	0.37472
1630	2.74901	0.37448
1631	2.7492	0.37423
1632	2.74939	0.37399
1633	2.74958	0.37375
1634	2.74977	0.37351
1635	2.74996	0.37327
1636	2.75014	0.37302
1637	2.75033	0.37278
1638	2.75052	0.37254
1639	2.75071	0.3723
1640	2.75089	0.37206
1641	2.75108	0.37182
1642	2.75126	0.37158
1643	2.75145	0.37134
1644	2.75163	0.3711
1645	2.75182	0.37086
1646	2.752	0.37062
1647	2.75218	0.37038
1648	2.75237	0.37014
1649	2.75255	0.3699
1650	2.75273	0.36966
1651	2.75291	0.36942
1652	2.75309	0.36918
1653	2.75327	0.36894
1654	2.75345	0.36871
1655	2.75363	0.36847
1656	2.75381	0.36823
1657	2.75399	0.36799
1658	2.75417	0.36776
1659	2.75434	0.36752
1660	2.75452	0.36728
1661	2.7547	0.36704
1662	2.75487	0.36681
1663	2.75505	0.36657
1664	2.75522	0.36634
1665	2.7554	0.3661
1666	2.75557	0.36586
1667	2.75575	0.36563
1668	2.75592	0.36539
1669	2.75609	0.36516
1670	2.75626	0.36492
1671	2.75644	0.36469
1672	2.75661	0.36445
1673	2.75678	0.36422
1674	2.75695	0.36399
1675	2.75712	0.36375
1676	2.75729	0.36352
1677	2.75746	0.36329
1678	2.75763	0.36305
1679	2.7578	0.36282
1680	2.75796	0.36259
1681	2.75813	0.36235
1682	2.7583	0.36212
1683	2.75847	0.36189
1684	2.75863	0.36166

